0 0.6522374515625 0.5886352031250001 0.8158605906249999 0.6058326875 0.8327356234375 0.4452774828125 0.6691124828125 0.4280799984375 0.6522374515625 0.5886352031250001
0 0.5176508046875 0.7378523625 0.612756753125 0.7478484 0.6183459359375 0.6946708796875 0.5232399875 0.684674840625 0.5176508046875 0.7378523625
0 0.6478333875 0.305906240625 0.7572563625 0.3174070578125 0.770046990625 0.19571234843750002 0.6606240171875 0.18421152968750001 0.6478333875 0.305906240625
0 0.515654328125 0.3633556359375 0.5678092046875001 0.368837334375 0.5707112796875 0.34122593125 0.5185564031250001 0.3357442328125 0.515654328125 0.3633556359375
0 0.6627675265625 0.12446820624999999 0.76400934375 0.13510914999999998 0.7735754453125 0.044093778125 0.672333628125 0.033452834375000004 0.6627675265625 0.12446820624999999
0 0.738225765625 0.8034273328125 0.8440694828125 0.8145519562500001 0.8499273765625001 0.7588178234375 0.744083659375 0.7476932015625 0.738225765625 0.8034273328125
0 0.6750889640625 0.7843840875 0.7701949140625 0.7943801265625 0.7821794125 0.6803552515625 0.6870734625 0.6703592125 0.6750889640625 0.7843840875
0 0.7759513515625 0.6068077671875 0.8664554015625001 0.6163201265625 0.8734418796875 0.5498482250000001 0.7829378296875 0.540335865625 0.7759513515625 0.6068077671875
0 0.5766108609375 0.5507022203124999 0.6988168921875 0.5635465921875 0.7133272703125 0.42548956718750003 0.5911212375 0.41264519687499995 0.5766108609375 0.5507022203124999
0 0.90255034375 0.48932023593749996 0.9408995171875001 0.493350896875 0.955786090625 0.351714615625 0.9174369171875 0.3476839546875 0.90255034375 0.48932023593749996
0 0.856026040625 0.351568828125 0.9270998421875 0.3590389859375 0.9318291500000001 0.3140426234375 0.86075535 0.306572465625 0.856026040625 0.351568828125
0 0.7369447734375 0.358180803125 0.84483378125 0.3695203953125 0.8567645359375 0.2560068421875 0.7488755281249999 0.2446672515625 0.7369447734375 0.358180803125
0 0.777723003125 0.23580891249999997 0.80175515 0.23833479375 0.8100851828125 0.1590798359375 0.786053034375 0.1565539546875 0.777723003125 0.23580891249999997
0 0.41261725625 0.059920509375 0.47448725625000004 0.06642330937499999 0.47846417499999994 0.0285854578125 0.416594175 0.022082659375 0.41261725625 0.059920509375
0 0.12298379374999999 0.8235460124999999 0.15366313125 0.826770540625 0.156296496875 0.8017157484374999 0.1256171578125 0.7984912203125 0.12298379374999999 0.8235460124999999