0 0.6278937234375 0.2663582109375 0.4068622796875 0.281814234375 0.43681557968750007 0.710166390625 0.6578470234375 0.6947103671875 0.6278937234375 0.2663582109375
0 0.47185971875000005 0.00113355625 0.24758099531250002 0.016816653125 0.26580056875 0.27736868124999997 0.4900792921875 0.261685584375 0.47185971875000005 0.00113355625
0 0 0.5143493609374999 0.0212149421875 0.8177371625 0.3091403296875 0.797603459375 0.254562346875 0.0171019578125 0 0.034902690624999996 0 0.5143493609374999
0 0.708039953125 0.49164034218749997 0.40929030468749994 0.512530953125 0.435771928125 0.8912358234375001 0.7345215781250001 0.8703452125 0.708039953125 0.49164034218749997
0 0.8384879515625 0.5122978609375 0.67763940625 0.5235454859375 0.687919875 0.670563028125 0.84876841875 0.659315403125 0.8384879515625 0.5122978609375
0 0.3707599046875 0.22284637499999999 0.2547238078125 0.230960409375 0.26616150156249996 0.39452704375000003 0.382197596875 0.386413009375 0.3707599046875 0.22284637499999999
0 0.6893110234375001 0.2891356125 0.6096444515624999 0.2947064421875 0.6236926296874999 0.4956047578125 0.703359203125 0.490033928125 0.6893110234375001 0.2891356125
0 0.569457625 0 0.5731253421875 0.0524508015625 0.6506270640625 0.047031353125 0.6473383109374999 0 0.569457625 0
0 0.8638784875000001 0.1380873703125 0.8160352468750001 0.1414328953125 0.8214984281250001 0.21956001875000003 0.86934166875 0.21621449375 0.8638784875000001 0.1380873703125
0 0.8037523140625 0 0.814299803125 0.15083611875 0.8549990296875001 0.1479901515625 0.8446505500000001 0 0.8037523140625 0
0 0.45304646249999997 0.2298549078125 0.3824722703125 0.2347899359375 0.3908419703125 0.3544822265625 0.46141616250000006 0.3495471984375 0.45304646249999997 0.2298549078125
0 0.9671589796875001 0.016002160937500003 0.9225630171875 0.0191206140625 0.92600778125 0.0683830359375 0.9706037437499999 0.0652645828125 0.9671589796875001 0.016002160937500003