0 0.3006535953125 0.18374846875 0.17279411718749998 0.18374846875 0.17279411718749998 0.2343813796875 0.3006535953125 0.2343813796875 0.3006535953125 0.18374846875
0 0.13929738593750002 0.33074724375 0.08496732031250001 0.33074724375 0.08496732031250001 0.42139648906250005 0.13929738593750002 0.42139648906250005 0.13929738593750002 0.33074724375
0 0 0.3544303796875 0.073120915625 0.3544303796875 0.073120915625 0.28868926093749997 0 0.28868926093749997 0 0.3544303796875
0 0.20874182968750002 0.48019599843750005 0.0943627453125 0.48019599843750005 0.0943627453125 0.5169456921875 0.20874182968750002 0.5169456921875 0.20874182968750002 0.48019599843750005
0 0.250408496875 0.498979175 0.1482843140625 0.498979175 0.1482843140625 0.536953859375 0.250408496875 0.536953859375 0.250408496875 0.498979175
0 0 0.6782360140625 0.035539215624999995 0.6782360140625 0.035539215624999995 0.5545120453125 0 0.5545120453125 0 0.6782360140625
0 0.1286764703125 0.7599020015625 0.0669934640625 0.7599020015625 0.0669934640625 0.8644344625 0.1286764703125 0.8644344625 0.1286764703125 0.7599020015625
0 0.32475490156250003 0.82033483125 0.15277777812499999 0.82033483125 0.15277777812499999 0.8697427515625 0.32475490156250003 0.8697427515625 0.32475490156250003 0.82033483125
0 0.2271241828125 0.9428338093749999 0.133169934375 0.9428338093749999 0.133169934375 0.9861167828124999 0.2271241828125 0.9861167828124999 0.2271241828125 0.9428338093749999
0 0.76879085 0.8154348718750001 0.7279411765625 0.8154348718750001 0.7279411765625 0.9093507546874999 0.76879085 0.9093507546874999 0.76879085 0.8154348718750001
0 0.7814542484375 0.7072274390625 0.7201797390625 0.7072274390625 0.7201797390625 0.7942017156250001 0.7814542484375 0.7942017156250001 0.7814542484375 0.7072274390625
0 0.7185457515625 0.7439771328125 0.6107026140625 0.7439771328125 0.6107026140625 0.8060432828125 0.7185457515625 0.8060432828125 0.7185457515625 0.7439771328125
0 0.73120915 0.6455696203125 0.6311274515624999 0.6455696203125 0.6311274515624999 0.7137607187499999 0.73120915 0.7137607187499999 0.73120915 0.6455696203125
0 0.622957515625 0.5671702734374999 0.588643790625 0.5671702734374999 0.588643790625 0.679869334375 0.622957515625 0.679869334375 0.622957515625 0.5671702734374999
0 0.7009803921875 0.45406288281249996 0.6127450984375 0.45406288281249996 0.6127450984375 0.5614536546875 0.7009803921875 0.5614536546875 0.7009803921875 0.45406288281249996
0 0.6294934640625 0.1882400984375 0.560457515625 0.1882400984375 0.560457515625 0.316047365625 0.6294934640625 0.316047365625 0.6294934640625 0.1882400984375
0 0.4673202609375 0.3964883625 0.42728758125 0.3964883625 0.42728758125 0.4916292359375 0.4673202609375 0.4916292359375 0.4673202609375 0.3964883625
0 0.99918300625 0.2956308703125 0.8884803921875 0.2956308703125 0.8884803921875 0.3674969375 0.99918300625 0.3674969375 0.99918300625 0.2956308703125
0 0.99918300625 0.1347488765625 0.9530228765625001 0.1347488765625 0.9530228765625001 0.21845651250000003 0.99918300625 0.21845651250000003 0.99918300625 0.1347488765625
0 0.999591503125 0.5679869328125 0.9489379078125 0.5679869328125 0.9489379078125 0.6565945281250001 0.999591503125 0.6565945281250001 0.999591503125 0.5679869328125
0 0.3541666671875 0.3127807265625 0.32475490156250003 0.3127807265625 0.32475490156250003 0.3785218453125 0.3541666671875 0.3785218453125 0.3541666671875 0.3127807265625
0 0.4681372546875 0.3630053078125 0.35702614375 0.3630053078125 0.35702614375 0.4079216 0.4681372546875 0.4079216 0.4681372546875 0.3630053078125
0 0.40318627500000004 0.4079216 0.3435457515625 0.4079216 0.3435457515625 0.46672111093749996 0.40318627500000004 0.46672111093749996 0.40318627500000004 0.4079216
0 0.65236928125 0.5316455703125 0.6188725484375001 0.5316455703125 0.6188725484375001 0.64026133125 0.65236928125 0.64026133125 0.65236928125 0.5316455703125
0 0.828431371875 0.0036749687500000003 0.696486928125 0.0036749687500000003 0.696486928125 0.1212739890625 0.828431371875 0.1212739890625 0.828431371875 0.0036749687500000003
0 0.759395425 0.2102899140625 0.6115196078125 0.2102899140625 0.6115196078125 0.44262964531250004 0.759395425 0.44262964531250004 0.759395425 0.2102899140625