0 0.27113970625 0.4526143796875 0.22089460781249998 0.4526143796875 0.22089460781249998 0.5294117640625 0.27113970625 0.5294117640625 0.27113970625 0.4526143796875
0 0.46047794062499997 0.8067810453125001 0.4298406859375 0.8067810453125001 0.4298406859375 0.87581699375 0.46047794062499997 0.87581699375 0.46047794062499997 0.8067810453125001
0 0.43137254843750006 0.5625 0.3728553921875 0.5625 0.3728553921875 0.6299019609375 0.43137254843750006 0.6299019609375 0.43137254843750006 0.5625
0 0.5232843140625 0.55228758125 0.49050245156249994 0.55228758125 0.49050245156249994 0.6319444437499999 0.5232843140625 0.6319444437499999 0.5232843140625 0.55228758125
0 0.5704656859375 0.44771241875 0.5447303921875 0.44771241875 0.5447303921875 0.526143790625 0.5704656859375 0.526143790625 0.5704656859375 0.44771241875
0 0.66482843125 0.41258169999999994 0.6427696078125 0.41258169999999994 0.6427696078125 0.48733660156249997 0.66482843125 0.48733660156249997 0.66482843125 0.41258169999999994
0 0.6792279406249999 0.500408496875 0.6580882359375 0.500408496875 0.6580882359375 0.582516340625 0.6792279406249999 0.582516340625 0.6792279406249999 0.500408496875
0 0.7113970593750001 0.5506535953125 0.681678921875 0.5506535953125 0.681678921875 0.6282679734375 0.7113970593750001 0.6282679734375 0.7113970593750001 0.5506535953125
0 0.731311275 0.47467320312499994 0.6881127453125 0.47467320312499994 0.6881127453125 0.55228758125 0.731311275 0.55228758125 0.731311275 0.47467320312499994
0 0.7536764703125 0.5486111109375 0.7022058828125 0.5486111109375 0.7022058828125 0.6139705875 0.7536764703125 0.6139705875 0.7536764703125 0.5486111109375
0 0.5545343140625 0.448120915625 0.5122549015625 0.448120915625 0.5122549015625 0.527777778125 0.5545343140625 0.527777778125 0.5545343140625 0.448120915625
0 0.530943628125 0.52736928125 0.484068628125 0.52736928125 0.484068628125 0.588643790625 0.530943628125 0.588643790625 0.530943628125 0.52736928125
0 0.5686274515624999 0.5584150328125 0.5171568625 0.5584150328125 0.5171568625 0.6196895421875 0.5686274515624999 0.6196895421875 0.5686274515624999 0.5584150328125
0 0.641850490625 0.5359477125 0.5713848046875001 0.5359477125 0.5713848046875001 0.6266339875 0.641850490625 0.6266339875 0.641850490625 0.5359477125
0 0.624693628125 0.47303921562499995 0.5707720593750001 0.47303921562499995 0.5707720593750001 0.50857843125 0.624693628125 0.50857843125 0.624693628125 0.47303921562499995
0 0.6118259796875 0.5016339875 0.5765931375 0.5016339875 0.5765931375 0.5375816999999999 0.6118259796875 0.5375816999999999 0.6118259796875 0.5016339875