0 0.47140522812499996 0.383830134375 0.1098856203125 0.383830134375 0.1098856203125 0.6864026140624999 0.47140522812499996 0.6864026140624999 0.47140522812499996 0.383830134375
0 0.573120915625 0.6455696203125 0.5130718953125 0.6455696203125 0.5130718953125 0.6937525515625 0.573120915625 0.6937525515625 0.573120915625 0.6455696203125
0 0.4701797390625 0.7954267046875 0.3255718953125 0.7954267046875 0.3255718953125 0.8685177625 0.4701797390625 0.8685177625 0.4701797390625 0.7954267046875
0 0.8999183000000001 0.7219273171875 0.5571895421875 0.7219273171875 0.5571895421875 0.8824009796875 0.8999183000000001 0.8824009796875 0.8999183000000001 0.7219273171875
0 0.3174019609375 0.84932625625 0.20424836562499998 0.84932625625 0.20424836562499998 0.9534503875 0.3174019609375 0.9534503875 0.3174019609375 0.84932625625
0 0.0567810453125 0.8730093921875 0.008986928125 0.8730093921875 0.008986928125 0.9036341359375 0.0567810453125 0.9036341359375 0.0567810453125 0.8730093921875
0 0.18954248437500001 0.1551653734375 0.1478758171875 0.1551653734375 0.1478758171875 0.1841567984375 0.18954248437500001 0.1841567984375 0.18954248437500001 0.1551653734375
0 0.1380718953125 0.08166598593749999 0.0837418296875 0.08166598593749999 0.0837418296875 0.115149040625 0.1380718953125 0.115149040625 0.1380718953125 0.08166598593749999
0 0.44526143749999997 0.1118824015625 0.4170751640625 0.1118824015625 0.4170751640625 0.14128215625 0.44526143749999997 0.14128215625 0.44526143749999997 0.1118824015625
0 0.500408496875 0.13229889687500002 0.4669117640625 0.13229889687500002 0.4669117640625 0.159657003125 0.500408496875 0.159657003125 0.500408496875 0.13229889687500002
0 0.5890522875 0.19722335625 0.56331699375 0.19722335625 0.56331699375 0.2266231109375 0.5890522875 0.2266231109375 0.5890522875 0.19722335625
0 0.5502450984375 0.47121274062499996 0.5322712421875 0.47121274062499996 0.5322712421875 0.5132707234375 0.5502450984375 0.5132707234375 0.5502450984375 0.47121274062499996
0 0.5763888890625 0.4532462234375 0.5494281046875 0.4532462234375 0.5494281046875 0.4977541859375 0.5763888890625 0.4977541859375 0.5763888890625 0.4532462234375
0 0.661356209375 0.5095957531249999 0.5118464046875 0.5095957531249999 0.5118464046875 0.647202940625 0.661356209375 0.647202940625 0.661356209375 0.5095957531249999
0 0.6299019609375 0.9297672515625001 0.5829248359375 0.9297672515625001 0.5829248359375 0.96529195625 0.6299019609375 0.96529195625 0.6299019609375 0.9297672515625001
0 0.77900326875 0.9710085749999999 0.750408496875 0.9710085749999999 0.750408496875 0.999183340625 0.77900326875 0.999183340625 0.77900326875 0.9710085749999999
0 0.9080882359375 0.6688444265625 0.8786764703125 0.6688444265625 0.8786764703125 0.7092690890625 0.9080882359375 0.7092690890625 0.9080882359375 0.6688444265625
0 0.96650326875 0.6418946515624999 0.9142156859374999 0.6418946515624999 0.9142156859374999 0.6782360140625 0.96650326875 0.6782360140625 0.96650326875 0.6418946515624999
0 0.8986928109375001 0.540628828125 0.8370098046875001 0.540628828125 0.8370098046875001 0.5945283796874999 0.8986928109375001 0.5945283796874999 0.8986928109375001 0.540628828125
0 0.8182189546874999 0.6382196812500001 0.7896241828125 0.6382196812500001 0.7896241828125 0.674152715625 0.8182189546874999 0.674152715625 0.8182189546874999 0.6382196812500001
0 0.7908496734375 0.33319722343749997 0.704248365625 0.33319722343749997 0.704248365625 0.42180481875 0.7908496734375 0.42180481875 0.7908496734375 0.33319722343749997
0 0.7263071890624999 0.308697428125 0.6466503265625 0.308697428125 0.6466503265625 0.3687219265625 0.7263071890624999 0.3687219265625 0.7263071890624999 0.308697428125
0 0.3709150328125 0.3372805234375 0.3071895421875 0.3372805234375 0.3071895421875 0.397713353125 0.3709150328125 0.397713353125 0.3709150328125 0.3372805234375
0 0.553104575 0.1910984078125 0.40359477187500004 0.1910984078125 0.40359477187500004 0.37484687656250004 0.553104575 0.37484687656250004 0.553104575 0.1910984078125
0 0.9857026140625 0.4565128625 0.9334150328125 0.4565128625 0.9334150328125 0.5087790937500001 0.9857026140625 0.5087790937500001 0.9857026140625 0.4565128625
0 0.810457515625 0.146182115625 0.7720588234375 0.146182115625 0.7720588234375 0.1735402203125 0.810457515625 0.1735402203125 0.810457515625 0.146182115625
0 0.9877450984375 0.10779910156250001 0.9587418296875001 0.10779910156250001 0.9587418296875001 0.1331155578125 0.9877450984375 0.1331155578125 0.9877450984375 0.10779910156250001
0 0.99918300625 0.0906492453125 0.9783496734374999 0.0906492453125 0.9783496734374999 0.1335238875 0.99918300625 0.1335238875 0.99918300625 0.0906492453125
0 0.9448529406249999 0.6945692125 0.8954248359375001 0.6945692125 0.8954248359375001 0.7452021234374999 0.9448529406249999 0.7452021234374999 0.9448529406249999 0.6945692125