0 0.6896634609375 0.4740384609375 0.5858173078125 0.4740384609375 0.5858173078125 0.6291666671875 0.6896634609375 0.6291666671875 0.6896634609375 0.4740384609375
0 0.9161057687499999 0.977884615625 0.8920673078125001 0.977884615625 0.8920673078125001 0.999358975 0.9161057687499999 0.999358975 0.9161057687499999 0.977884615625
0 0.4949519234375 0.42980769218750003 0.46706730781249994 0.42980769218750003 0.46706730781249994 0.4701923078125 0.4949519234375 0.4701923078125 0.4949519234375 0.42980769218750003
0 0.4862980765625 0.40801282031249997 0.4668269234375 0.40801282031249997 0.4668269234375 0.41858974375 0.4862980765625 0.41858974375 0.4862980765625 0.40801282031249997
0 0.5576923078125 0.371474359375 0.5382211531250001 0.371474359375 0.5382211531250001 0.3929487171875 0.5576923078125 0.3929487171875 0.5576923078125 0.371474359375
0 0.5879807687499999 0.3503205125 0.5370192312500001 0.3503205125 0.5370192312500001 0.3791666671875 0.5879807687499999 0.3791666671875 0.5879807687499999 0.3503205125
0 0.681971153125 0.2125 0.656971153125 0.2125 0.656971153125 0.22724358906250003 0.681971153125 0.22724358906250003 0.681971153125 0.2125
0 0.666346153125 0.333653846875 0.6552884609375 0.333653846875 0.6552884609375 0.349358975 0.666346153125 0.349358975 0.666346153125 0.333653846875
0 0.7257211531250001 0.3003205125 0.7122596156250001 0.3003205125 0.7122596156250001 0.31826923125 0.7257211531250001 0.31826923125 0.7257211531250001 0.3003205125
0 0.75 0.09807692343749999 0.67860576875 0.09807692343749999 0.67860576875 0.2397435890625 0.75 0.2397435890625 0.75 0.09807692343749999
0 0.5447115390625 0.3237179484375 0.5329326921875001 0.3237179484375 0.5329326921875001 0.33173076875 0.5447115390625 0.33173076875 0.5447115390625 0.3237179484375