0 0.5654322671875 0.30882545625 0.6131171828124999 0.30465356718750003 0.6036253546875 0.19616146406249999 0.5559404390625 0.200333353125 0.5654322671875 0.30882545625
0 0.46546573125 0.4211401078125 0.516362584375 0.41668721093750005 0.5049493328125 0.28623314375 0.4540524796875 0.2906860421875 0.46546573125 0.4211401078125
0 0.097702684375 0.8503286093750001 0.4638635328125 0.8182936859375 0.4093719796875 0.195452378125 0.04321113125 0.2274873015625 0.097702684375 0.8503286093750001
0 0.41656765625 0.89236255 0.5596224015625 0.87984688125 0.531031628125 0.553052853125 0.387976884375 0.5655685218750001 0.41656765625 0.89236255
0 0.6626941984375 0.9766109875 0.7946307 0.9650680390625 0.7654635 0.631685421875 0.6335270000000001 0.6432283703125 0.6626941984375 0.9766109875
0 0.7308473984375 0.50635955 0.7903917734375 0.5011500921875001 0.7785558078125 0.3658643921875 0.7190114328125 0.37107385000000004 0.7308473984375 0.50635955
0 0.748899265625 0.58179285 0.762241159375 0.580625584375 0.7583598859375 0.5362624171875 0.7450179921875 0.53742968125 0.748899265625 0.58179285
0 0.7930460734375 0.7762159046875 0.8397427000000001 0.772130478125 0.8262543109375 0.6179574890625 0.7795576843750001 0.622042915625 0.7930460734375 0.7762159046875
0 0.6251227390625 0.982553671875 0.6527948140625 0.9801326796875 0.646415690625 0.9072189578125001 0.618743615625 0.9096399500000001 0.6251227390625 0.982553671875
0 0.5216521703125 0.70480050625 0.5891028546875 0.6988993359375 0.5805333078125 0.6009489765625 0.513082625 0.606850146875 0.5216521703125 0.70480050625
0 0.4351816421875 0.29410743125 0.50213818125 0.28824949218749996 0.4958743421875 0.216653490625 0.42891780312499994 0.22251142812500002 0.4351816421875 0.29410743125
0 0.5990829046874999 0.3576657640625 0.6410851625 0.3539910421875 0.6315549046875 0.24505970000000002 0.5895526484375 0.248734421875 0.5990829046874999 0.3576657640625
0 0.5999554609375 0.3960957421875 0.6234273109374999 0.39404222187500004 0.61908489375 0.34440818281249996 0.5956130453124999 0.346461703125 0.5999554609375 0.3960957421875