0 0.0815966359375 0.7546293515625 0.3698245609375 0.7646944921875 0.387764865625 0.250951415625 0.0995369390625 0.24088627499999998 0.0815966359375 0.7546293515625
0 0.3014497890625 0.21980764375 0.3797153359375 0.2225407359375 0.38392009531250004 0.102132203125 0.3056545484375 0.099399109375 0.3014497890625 0.21980764375
0 0.6898644359375 0.446352528125 0.7335125296875 0.44787675312499997 0.737156653125 0.3435226921875 0.6935085609375 0.3419984671875 0.6898644359375 0.446352528125
0 0.7975363640625 0.4916371421875 0.8321538171875 0.4928460109375 0.835330746875 0.4018706734375 0.8007132921875 0.4006618046875 0.7975363640625 0.4916371421875
0 0.8781459375 0.761683153125 0.9223584468749999 0.7632270890624999 0.923316196875 0.7358007 0.8791036890624999 0.734256765625 0.8781459375 0.761683153125
0 0.8106418375000001 0.7690372625 0.83735748125 0.7699701921875 0.8383853109375 0.740536996875 0.8116696671874999 0.739604065625 0.8106418375000001 0.7690372625
0 0.7743273578125 0.751695084375 0.7918242234374999 0.7523060890625 0.7937514046875 0.69711884375 0.7762545390625 0.6965078390625 0.7743273578125 0.751695084375
0 0.738271434375 0.6837956562499999 0.7646108015624999 0.6847154468750001 0.765778790625 0.6512686328124999 0.7394394234375 0.650348840625 0.738271434375 0.6837956562499999
0 0.703143846875 0.7133775671875 0.7215814046875 0.714021421875 0.72290123125 0.6762265203125 0.704463675 0.675582665625 0.703143846875 0.7133775671875
0 0.6921137640625 0.71098313125 0.7002037125 0.7112656390625001 0.700612509375 0.6995592546875 0.6925225609375001 0.6992767468750001 0.6921137640625 0.71098313125
0 0.7750310109375 0.6937861062499999 0.7829328203125 0.6940620421875 0.7834116953125 0.6803488484375 0.7755098859375 0.6800729109375 0.7750310109375 0.6937861062499999
0 0.8128841296875 0.553790284375 0.8369658359375001 0.5546312375 0.8376549499999999 0.534897615625 0.8135732421874999 0.5340566640625 0.8128841296875 0.553790284375
0 0.78050039375 0.45085711093749997 0.7910361406249999 0.451225028125 0.7914682953125001 0.4388497046875 0.7809325484375 0.4384817890625 0.78050039375 0.45085711093749997
0 0.6533408859375001 0.6399749421875 0.658796896875 0.6401654703124999 0.6591940140625 0.6287935515624999 0.6537380015625 0.6286030234375 0.6533408859375001 0.6399749421875
0 0.40269409375 0.2333894515625 0.42131978906249995 0.23403987499999998 0.4224410578125 0.2019309328125 0.40381536249999994 0.201280509375 0.40269409375 0.2333894515625