0 0.5608660125 0.542670478125 0.48856209218749996 0.542670478125 0.48856209218749996 0.5708452421875 0.5608660125 0.5708452421875 0.5608660125 0.542670478125
0 0.5216503265625 0.9473254390625 0.49387254843750006 0.9473254390625 0.49387254843750006 0.9791751734374999 0.5216503265625 0.9791751734374999 0.5216503265625 0.9473254390625
0 0.50081699375 0.7055941203125 0.4587418296875 0.7055941203125 0.4587418296875 0.7260106171875 0.50081699375 0.7260106171875 0.50081699375 0.7055941203125
0 0.294934640625 0.42262147812500006 0.2561274515625 0.42262147812500006 0.2561274515625 0.4561045328125 0.294934640625 0.4561045328125 0.294934640625 0.42262147812500006
0 0.2647058828125 0.225398121875 0.241830065625 0.225398121875 0.241830065625 0.240914659375 0.2647058828125 0.240914659375 0.2647058828125 0.225398121875
0 0.23570261406249998 0.242956309375 0.2197712421875 0.242956309375 0.2197712421875 0.25234789687500003 0.23570261406249998 0.25234789687500003 0.23570261406249998 0.242956309375
0 0.5494281046875 0.5026541453125 0.5236928109375001 0.5026541453125 0.5236928109375001 0.5157207015624999 0.5494281046875 0.5157207015624999 0.5494281046875 0.5026541453125
0 0.5216503265625 0.5022458140625 0.49754902031250003 0.5022458140625 0.49754902031250003 0.5177623515625001 0.5216503265625 0.5177623515625001 0.5216503265625 0.5022458140625
0 0.5110294125 0.517354021875 0.49428104531250006 0.517354021875 0.49428104531250006 0.530828909375 0.5110294125 0.530828909375 0.5110294125 0.517354021875
0 0.6209150328125 0.5210289921875 0.6013071890624999 0.5210289921875 0.6013071890624999 0.5353205390625 0.6209150328125 0.5353205390625 0.6209150328125 0.5210289921875
0 0.658905228125 0.4377296859375 0.598039215625 0.4377296859375 0.598039215625 0.47937933906249997 0.658905228125 0.47937933906249997 0.658905228125 0.4377296859375
0 0.7267156859375 0.4781543484375 0.640931371875 0.4781543484375 0.640931371875 0.48917925625 0.7267156859375 0.48917925625 0.7267156859375 0.4781543484375
0 0.7871732031249999 0.5741118828125 0.7708333328125 0.5741118828125 0.7708333328125 0.5961616984375 0.7871732031249999 0.5961616984375 0.7871732031249999 0.5741118828125
0 0.89297385625 0.6010616578125 0.8823529406249999 0.6010616578125 0.8823529406249999 0.6088199265625 0.89297385625 0.6088199265625 0.89297385625 0.6010616578125
0 0.419934640625 0.9228256437500001 0.38521241875 0.9228256437500001 0.38521241875 0.9550837078125 0.419934640625 0.9550837078125 0.419934640625 0.9228256437500001
0 0.32516339843750003 0.917925684375 0.30392156875 0.917925684375 0.30392156875 0.94773376875 0.32516339843750003 0.94773376875 0.32516339843750003 0.917925684375
0 0.303104575 0.9861167828124999 0.2720588234375 0.9861167828124999 0.2720588234375 0.9955083703125001 0.303104575 0.9955083703125001 0.303104575 0.9861167828124999
0 0.19035947656250002 0.24663127812500002 0.1740196078125 0.24663127812500002 0.1740196078125 0.2556145359375 0.19035947656250002 0.2556145359375 0.19035947656250002 0.24663127812500002
0 0.270016340625 0.062474479687499994 0.2614379078125 0.062474479687499994 0.2614379078125 0.070641078125 0.270016340625 0.070641078125 0.270016340625 0.062474479687499994
0 0.45669934687499997 0.4716210703125 0.44526143749999997 0.4716210703125 0.44526143749999997 0.4765210296875 0.45669934687499997 0.4765210296875 0.45669934687499997 0.4716210703125
0 0.4591503265625 0.6521028984374999 0.44893790781250004 0.6521028984374999 0.44893790781250004 0.662311146875 0.4591503265625 0.662311146875 0.4591503265625 0.6521028984374999
0 0.3169934640625 0.37484687656250004 0.3075980390625 0.37484687656250004 0.3075980390625 0.380971825 0.3169934640625 0.380971825 0.3169934640625 0.37484687656250004