0 0.18265813749999998 0.502132196875 0.0980810234375 0.502132196875 0.0980810234375 0.593461265625 0.18265813749999998 0.593461265625 0.18265813749999998 0.502132196875
0 0.1510305609375 0.590973703125 0.08884150625000001 0.590973703125 0.08884150625000001 0.6869225296875 0.1510305609375 0.6869225296875 0.1510305609375 0.590973703125
0 0.1368159203125 0.68443496875 0.0682302765625 0.68443496875 0.0682302765625 0.7945984359375 0.1368159203125 0.7945984359375 0.1368159203125 0.68443496875
0 0.2359630421875 0.6311300640625 0.1531627578125 0.6311300640625 0.1531627578125 0.800995025 0.2359630421875 0.800995025 0.2359630421875 0.6311300640625
0 0.25621890625 0.5511727078125 0.17661691562499998 0.5511727078125 0.17661691562499998 0.648898365625 0.25621890625 0.648898365625 0.25621890625 0.5511727078125
0 0.34186211875 0.48649609062500004 0.2693674484375 0.48649609062500004 0.2693674484375 0.5845771140625 0.34186211875 0.5845771140625 0.34186211875 0.48649609062500004
0 0.31520966562499997 0.5788912578125001 0.2519545125 0.5788912578125001 0.2519545125 0.66062544375 0.31520966562499997 0.66062544375 0.31520966562499997 0.5788912578125001
0 0.30810234531249997 0.6528073921875001 0.24129353281250002 0.6528073921875001 0.24129353281250002 0.7309879171875 0.30810234531249997 0.7309879171875 0.30810234531249997 0.6528073921875001
0 0.347903340625 0.7444918265625 0.24662402343749998 0.7444918265625 0.24662402343749998 0.8280028421875001 0.347903340625 0.8280028421875001 0.347903340625 0.7444918265625
0 0.36140724999999996 0.6588486140625001 0.3020611234375 0.6588486140625001 0.3020611234375 0.7363184078125 0.36140724999999996 0.7363184078125 0.36140724999999996 0.6588486140625001
0 0.42004264375 0.6396588484375 0.358564321875 0.6396588484375 0.358564321875 0.7153518125 0.42004264375 0.7153518125 0.42004264375 0.6396588484375
0 0.375266525 0.58244491875 0.3102345421875 0.58244491875 0.3102345421875 0.662757640625 0.375266525 0.662757640625 0.375266525 0.58244491875
0 0.40262970937500003 0.505330490625 0.34257285 0.505330490625 0.34257285 0.583511015625 0.40262970937500003 0.583511015625 0.40262970937500003 0.505330490625
0 0.43674484687500004 0.5710732046875 0.37597725625 0.5710732046875 0.37597725625 0.6457000703125 0.43674484687500004 0.6457000703125 0.43674484687500004 0.5710732046875
0 0.45984363906250003 0.72601279375 0.362473346875 0.72601279375 0.362473346875 0.8031272203125001 0.45984363906250003 0.8031272203125001 0.45984363906250003 0.72601279375
0 0.5589907609375 0.7299218187500001 0.46517412968749994 0.7299218187500001 0.46517412968749994 0.806325515625 0.5589907609375 0.806325515625 0.5589907609375 0.7299218187500001
0 0.5024875625 0.6336176265625 0.42928216093750005 0.6336176265625 0.42928216093750005 0.7306325515625 0.5024875625 0.7306325515625 0.5024875625 0.6336176265625
0 0.4964463390625 0.557569296875 0.43461265156250006 0.557569296875 0.43461265156250006 0.6336176265625 0.4964463390625 0.6336176265625 0.4964463390625 0.557569296875
0 0.48649609062500004 0.4811656 0.42928216093750005 0.4811656 0.42928216093750005 0.5625444203125001 0.48649609062500004 0.5625444203125001 0.48649609062500004 0.4811656
0 0.5675195453125 0.44562899843750003 0.514214640625 0.44562899843750003 0.514214640625 0.5323383078124999 0.5675195453125 0.5323383078124999 0.5675195453125 0.44562899843750003
0 0.5653873484374999 0.5344705046875 0.5099502484375 0.5344705046875 0.5099502484375 0.6151385921875 0.5653873484374999 0.6151385921875 0.5653873484374999 0.5344705046875
0 0.5753375984375 0.6233120109375 0.5024875625 0.6233120109375 0.5024875625 0.7167732765625 0.5753375984375 0.7167732765625 0.5753375984375 0.6233120109375
0 0.637526653125 0.6169154234375 0.563255153125 0.6169154234375 0.563255153125 0.7139303484374999 0.637526653125 0.7139303484374999 0.637526653125 0.6169154234375
0 0.6897654578125 0.710021321875 0.5891968734375 0.710021321875 0.5891968734375 0.782160625 0.6897654578125 0.782160625 0.6897654578125 0.710021321875
0 0.8109452734374999 0.6862117984375 0.71286425 0.6862117984375 0.71286425 0.7935323390625 0.8109452734374999 0.7935323390625 0.8109452734374999 0.6862117984375
0 0.91115849375 0.615493959375 0.8461265109375 0.615493959375 0.8461265109375 0.7277896234375001 0.91115849375 0.7277896234375001 0.91115849375 0.615493959375
0 0.7253020609374999 0.615849325 0.6457000703125 0.615849325 0.6457000703125 0.717839375 0.7253020609374999 0.717839375 0.7253020609374999 0.615849325
0 0.640724946875 0.5248756218749999 0.5810234546874999 0.5248756218749999 0.5810234546874999 0.602345415625 0.640724946875 0.602345415625 0.640724946875 0.5248756218749999
0 0.6400142140625 0.44882729218749995 0.5831556499999999 0.44882729218749995 0.5831556499999999 0.5234541578125 0.6400142140625 0.5234541578125 0.6400142140625 0.44882729218749995
0 0.71215351875 0.44349680156250004 0.6563610515625 0.44349680156250004 0.6563610515625 0.5302061124999999 0.71215351875 0.5302061124999999 0.71215351875 0.44349680156250004
0 0.7199715703125 0.519189765625 0.657782515625 0.519189765625 0.657782515625 0.6012793171874999 0.7199715703125 0.6012793171874999 0.7199715703125 0.519189765625
0 0.8191186921875 0.47903340468750005 0.715707178125 0.47903340468750005 0.715707178125 0.5376687984374999 0.8191186921875 0.5376687984374999 0.8191186921875 0.47903340468750005
0 0.8884150671875 0.48400852812500006 0.8304904046875 0.48400852812500006 0.8304904046875 0.5856432125000001 0.8884150671875 0.5856432125000001 0.8884150671875 0.48400852812500006
0 0.86460554375 0.538734896875 0.7775408671874999 0.538734896875 0.7775408671874999 0.637526653125 0.86460554375 0.637526653125 0.86460554375 0.538734896875
0 0.8141435671874999 0.6286425015625 0.7473347546875 0.6286425015625 0.7473347546875 0.7110874203125 0.8141435671874999 0.7110874203125 0.8141435671874999 0.6286425015625
0 0.11904761875 0.3400852875 0.06361051875 0.3400852875 0.06361051875 0.39232409375 0.11904761875 0.39232409375 0.11904761875 0.3400852875