0 0.226905759375 0.5562871625 0.313889671875 0.5486770562500001 0.3028883953125 0.42293189218749994 0.2159044828125 0.43054199843749996 0.226905759375 0.5562871625
0 0.1323876046875 0.628935396875 0.252028634375 0.6184681640624999 0.2352240953125 0.42639140937500003 0.11558306562500001 0.43685864375000005 0.1323876046875 0.628935396875
0 0.2079998234375 0.41401116718750003 0.3032243171875 0.4056801046875 0.288235521875 0.23435740468750002 0.19301102812499998 0.24268846718749998 0.2079998234375 0.41401116718750003
0 0.7727442078125 0.3588616359375 0.91191846875 0.346685465625 0.8938678296875 0.14036573125000001 0.7546935703125001 0.1525419015625 0.7727442078125 0.3588616359375
0 0.28258195625 0.4263487046875 0.3897095109375 0.4169762578125 0.3692734828125 0.18339138906250002 0.262145928125 0.1927638359375 0.28258195625 0.4263487046875
0 0.3472499 0.4448843625 0.45926076250000003 0.43508468125000005 0.4390027484375 0.20353452500000002 0.3269918859375 0.21333420468750003 0.3472499 0.4448843625
0 0.41551455937500004 0.43071083593750004 0.5232525265625 0.42128498593749997 0.5056291234375 0.21984855625000002 0.3978911546875 0.22927440781250003 0.41551455937500004 0.43071083593750004
0 0.520078709375 0.392038546875 0.6641362765625 0.3794351421875 0.6467976953125001 0.1812542515625 0.502740128125 0.19385765625 0.520078709375 0.392038546875
0 0.665850378125 0.3919969484375 0.7574123890625 0.3839863109375 0.7364779218749999 0.14470425 0.644915909375 0.1527148890625 0.665850378125 0.3919969484375
0 0.28804302656249997 0.6153173125 0.37563735 0.6076538031250001 0.360755365625 0.43755193124999997 0.273161040625 0.4452154421875 0.28804302656249997 0.6153173125
0 0.3751340234375 0.5843245828125 0.437090984375 0.5789040515625 0.4269797796875 0.46333244375 0.36502281875000003 0.46875297656250003 0.3751340234375 0.5843245828125
0 0.45497560000000004 0.6216255187499999 0.5260887624999999 0.6154039234375001 0.5107439390625 0.44001180156249997 0.439630778125 0.446233396875 0.45497560000000004 0.6216255187499999
0 0.5342785234375 0.6105868421875 0.6047812718750001 0.6044186500000001 0.5848792859375 0.376937915625 0.5143765375 0.3831061078125 0.5342785234375 0.6105868421875
0 0.614969678125 0.6400223640625 0.726980540625 0.630222684375 0.704550753125 0.373849046875 0.5925398921875 0.383648728125 0.614969678125 0.6400223640625
0 0.7297773921874999 0.7078888437499999 0.8378205671875 0.698436290625 0.811367659375 0.396078178125 0.7033244859375001 0.40553072968750004 0.7297773921874999 0.7078888437499999
0 0.83485575625 0.6293960249999999 0.9383208296875001 0.620344003125 0.915036575 0.3542037515625 0.8115715015625 0.36325577343750004 0.83485575625 0.6293960249999999
0 0 0.139838065625 0.48721129531249996 0.09721260000000001 0.479378671875 0.0076852984375 0 0.0496254984375 0 0.139838065625