0 0.3326287515625 0.250432040625 0.1552660625 0.25352791875 0.15994998124999998 0.5218693937500001 0.3373126703125 0.5187735171875001 0.3326287515625 0.250432040625
0 0.46344671406250004 0.44221410937499994 0.29221054375 0.445203046875 0.296231440625 0.6755601140625 0.4674676125 0.6725711750000001 0.46344671406250004 0.44221410937499994
0 0.5801591968750001 0.6158572375 0.4309784890625 0.618461196875 0.4346571828125 0.8292134062500001 0.5838378890625 0.8266094484375 0.5801591968750001 0.6158572375
0 0.757942278125 0.6192909640625001 0.5821112203125 0.62236010625 0.586096471875 0.8506750015625 0.7619275296875 0.847605859375 0.757942278125 0.6192909640625001
0 0.8912586671874999 0.6557770203125 0.6526308000000001 0.6599422859375 0.6577995078125001 0.9560573078125 0.8964273734375 0.95189204375 0.8912586671874999 0.6557770203125
0 0.8650960578125 0.36819962500000003 0.6969231453125 0.37113509375 0.7005234171875 0.577394525 0.8686963296875 0.5744590546875 0.8650960578125 0.36819962500000003
0 0.6724377671874999 0.320084059375 0.49354344843750003 0.323206671875 0.4977996125 0.5670420765624999 0.6766939296875 0.563919465625 0.6724377671874999 0.320084059375
0 0.6059351421875 0.2142024203125 0.49718945156250005 0.2161005828125 0.49909296249999996 0.3251525984375 0.6078386515624999 0.3232544359375 0.6059351421875 0.2142024203125
0 0.8017895953125 0.07677642968750001 0.5968575781250001 0.08035353125 0.6007715375 0.3045840796875 0.8057035546875 0.301006978125 0.8017895953125 0.07677642968750001
0 0.5190429234375 0 0.4532965171875 0.0011476078125000001 0.4558559171875 0.14777559843750002 0.5768546421875 0.1456635578125 0.5743120765625 0 0.5190429234375 0
0 0.5893266171875 0 0.5923565296875 0.173583540625 0.7979011984375 0.16999574374999998 0.7949339125 0 0.5893266171875 0
0 0.49065610312499996 0.1577906921875 0.42632766718750004 0.15891355000000001 0.4306052171875 0.403974259375 0.49493365312500004 0.40285140156250004 0.49065610312499996 0.1577906921875
0 0.45802917968749995 0.1845079703125 0.3198762046875 0.1869194390625 0.3243177265625 0.44137414374999995 0.462470703125 0.43896267343749995 0.45802917968749995 0.1845079703125