0 0.9997596156249999 0.2009615390625 0.8454326921875 0.2009615390625 0.8454326921875 0.472115384375 0.9997596156249999 0.472115384375 0.9997596156249999 0.2009615390625
0 0.9391826921875 0.484294871875 0.8391826921875 0.484294871875 0.8391826921875 0.5887820515625 0.9391826921875 0.5887820515625 0.9391826921875 0.484294871875
0 0.2516826921875 0.6701923078124999 0.1949519234375 0.6701923078124999 0.1949519234375 0.746153846875 0.2516826921875 0.746153846875 0.2516826921875 0.6701923078124999
0 0.10336538437500001 0.40384615312500005 0.05985576875 0.40384615312500005 0.05985576875 0.49326923125000005 0.10336538437500001 0.49326923125000005 0.10336538437500001 0.40384615312500005
0 0.1478365390625 0.6391025640625 0.10384615312500001 0.6391025640625 0.10384615312500001 0.6939102562499999 0.1478365390625 0.6939102562499999 0.1478365390625 0.6391025640625
0 0.340384615625 0.413141025 0.2915865390625 0.413141025 0.2915865390625 0.48237179531249996 0.340384615625 0.48237179531249996 0.340384615625 0.413141025
0 0.550240384375 0.12596153906250002 0.4699519234375 0.12596153906250002 0.4699519234375 0.22371794843749998 0.550240384375 0.22371794843749998 0.550240384375 0.12596153906250002
0 0.687259615625 0 0.687259615625 0.028525640624999998 0.7175480765625 0.028525640624999998 0.7175480765625 0 0.687259615625 0
0 0.5795673078125 0.3676282046875 0.540865384375 0.3676282046875 0.540865384375 0.386858975 0.5795673078125 0.386858975 0.5795673078125 0.3676282046875
0 0.5764423078124999 0.261858975 0.5615384609375 0.261858975 0.5615384609375 0.28108974375 0.5764423078124999 0.28108974375 0.5764423078124999 0.261858975
0 0.5240384609375 0.28878205156250003 0.512740384375 0.28878205156250003 0.512740384375 0.3054487171875 0.5240384609375 0.3054487171875 0.5240384609375 0.28878205156250003
0 0.99375 0.0746794875 0.956009615625 0.0746794875 0.956009615625 0.10576923125 0.99375 0.10576923125 0.99375 0.0746794875
0 0.575721153125 0.6951923078125 0.5521634609375 0.6951923078125 0.5521634609375 0.7125 0.575721153125 0.7125 0.575721153125 0.6951923078125
0 0.3456730765625 0.777884615625 0.3384615390625 0.777884615625 0.3384615390625 0.7955128203124999 0.3456730765625 0.7955128203124999 0.3456730765625 0.777884615625
0 0.8862980765625 0.6580128203125 0.875721153125 0.6580128203125 0.875721153125 0.6769230765625001 0.8862980765625 0.6769230765625001 0.8862980765625 0.6580128203125