0 0.8221153843750001 0.6477564109375 0.6733173078125 0.6477564109375 0.6733173078125 0.8740384609375 0.8221153843750001 0.8740384609375 0.8221153843750001 0.6477564109375
0 0.6858173078124999 0.6570512828124999 0.61826923125 0.6570512828124999 0.61826923125 0.7512820515625 0.6858173078124999 0.7512820515625 0.6858173078124999 0.6570512828124999
0 0.9454326921874999 0.55576923125 0.7579326921875 0.55576923125 0.7579326921875 0.721153846875 0.9454326921874999 0.721153846875 0.9454326921874999 0.55576923125
0 0.9314903843750001 0.48461538437499996 0.8603365390625 0.48461538437499996 0.8603365390625 0.5567307687499999 0.9314903843750001 0.5567307687499999 0.9314903843750001 0.48461538437499996
0 0.9144230765625 0.165064103125 0.8826923078125001 0.165064103125 0.8826923078125001 0.20833333281250002 0.9144230765625 0.20833333281250002 0.9144230765625 0.165064103125
0 0.864903846875 0.1503205125 0.7043269234375 0.1503205125 0.7043269234375 0.5320512828124999 0.864903846875 0.5320512828124999 0.864903846875 0.1503205125
0 0.669471153125 0.0996794875 0.60576923125 0.0996794875 0.60576923125 0.296153846875 0.669471153125 0.296153846875 0.669471153125 0.0996794875
0 0.4925480765625 0.449358975 0.3728365390625 0.449358975 0.3728365390625 0.6259615390625 0.4925480765625 0.6259615390625 0.4925480765625 0.449358975
0 0.5144230765625 0.2496794875 0.3918269234375 0.2496794875 0.3918269234375 0.3695512828125 0.5144230765625 0.3695512828125 0.5144230765625 0.2496794875
0 0.4300480765625 0.2634615390625 0.315625 0.2634615390625 0.315625 0.5198717953124999 0.4300480765625 0.5198717953124999 0.4300480765625 0.2634615390625
0 0.3824519234375 0.183653846875 0.2521634609375 0.183653846875 0.2521634609375 0.47628205156250003 0.3824519234375 0.47628205156250003 0.3824519234375 0.183653846875
0 0.465625 0.5794871796875001 0.39951923125 0.5794871796875001 0.39951923125 0.715064103125 0.465625 0.715064103125 0.465625 0.5794871796875001
0 0.356971153125 0.496794871875 0.306490384375 0.496794871875 0.306490384375 0.572435896875 0.356971153125 0.572435896875 0.356971153125 0.496794871875
0 0.971153846875 0.6477564109375 0.928365384375 0.6477564109375 0.928365384375 0.6858974359375 0.971153846875 0.6858974359375 0.971153846875 0.6477564109375
0 0.6204326921875001 0.18685897499999998 0.5829326921875 0.18685897499999998 0.5829326921875 0.25833333281250004 0.6204326921875001 0.25833333281250004 0.6204326921875001 0.18685897499999998