0 0.8282260375 0.3920509390625 0.9632993234375 0.4062477140625 0.98092175 0.2385815234375 0.8458484640625 0.22438474843749998 0.8282260375 0.3920509390625
0 0.8544989281250001 0.7722002156250001 0.9412805265624999 0.7813213296875 0.9690542750000001 0.5170717609375 0.8822726765625 0.507950646875 0.8544989281250001 0.7722002156250001
0 0.6392313015625 0.5781226234375 0.7513540828124999 0.5899072015625 0.7722262718749999 0.39132158125 0.660103490625 0.37953700156250003 0.6392313015625 0.5781226234375
0 0.703434325 0.36282088749999997 0.8461577796875 0.377821728125 0.8652543265625001 0.196130228125 0.722530871875 0.18112938750000002 0.703434325 0.36282088749999997
0 0.590144725 0.3989331375 0.712069284375 0.41174792499999996 0.7270784984375 0.26894478125 0.6051539406249999 0.25612999375 0.590144725 0.3989331375
0 0.7516384406250001 0.1042637 0.7963441109375 0.10896245468750002 0.8018385562500001 0.0566863046875 0.757132884375 0.05198755000000001 0.7516384406250001 0.1042637
0 0.3996701734375 0.37601295156250003 0.48286575468750004 0.384757159375 0.4892312703125 0.32419332500000003 0.4060356890625 0.3154491171875 0.3996701734375 0.37601295156250003
0 0 0.6343692937500001 0.1786258421875 0.6531436265624999 0.20519349375 0.4003693109375 0.022545721875 0.38117225625 0 0.5956804671875 0 0.6343692937500001
0 0.302510884375 0.757691503125 0.353910453125 0.763093815625 0.36707701875 0.637822309375 0.31567745 0.6324199968750001 0.302510884375 0.757691503125
0 0.3328678609375 0.94490305625 0.5116905468749999 0.963698078125 0.5296144984375 0.793163075 0.3507918125 0.774368053125 0.3328678609375 0.94490305625
0 0.53050961875 0.6443645828125 0.6459793484375 0.656500940625 0.664338834375 0.48182209374999996 0.54886910625 0.4696857375 0.53050961875 0.6443645828125
0 0.4091196 0.27000973125 0.4354170546875 0.27277370625 0.44007393125 0.2284664796875 0.41377647812499996 0.22570250625 0.4091196 0.27000973125