0 0.2129873546875 0.414755875 0.2734508375 0.4062582859375 0.23861295624999998 0.1583738765625 0.1781494734375 0.1668714640625 0.2129873546875 0.414755875
0 0.022853551562499998 0.3832181546875 0.049514615625 0.3794711875 0.0421545 0.32710124218750003 0.0154934359375 0.3308482109375 0.022853551562499998 0.3832181546875
0 0.225533071875 0.7285638062500001 0.3362240921875 0.713007196875 0.3298899328125 0.6679373046875 0.21919891093750002 0.6834939125 0.225533071875 0.7285638062500001
0 0.27482638125 0.5041347609375 0.30172548906249996 0.5003543374999999 0.29592660937500004 0.45909316718750004 0.2690275015625 0.462873590625 0.27482638125 0.5041347609375
0 0.3228230515625 0.1271191578125 0.3432949390625 0.124242021875 0.33936954375 0.096311384375 0.31889765625 0.0991885203125 0.3228230515625 0.1271191578125
0 0.4387018625 0.5267400015625 0.4989273015625 0.5182758671875 0.485233025 0.4208360296875 0.4250075875 0.42930016406249993 0.4387018625 0.5267400015625
0 0.4742971015625 0.431111865625 0.5483291609375 0.4207073375 0.5305310624999999 0.2940672875 0.45649900312499997 0.3044718140625 0.4742971015625 0.431111865625
0 0.6408472796875 0.49347537499999994 0.74320671875 0.47908969375000005 0.726613003125 0.36101927031250003 0.6242535640625 0.37540495156250003 0.6408472796875 0.49347537499999994
0 0.519847496875 0.8519449171875 0.606733996875 0.8397338156249999 0.5984371390625001 0.7806986046875 0.5115506390625 0.79290970625 0.519847496875 0.8519449171875
0 0.2417596234375 0.7887502109375 0.277228359375 0.7837654046875 0.2704927390625 0.7358389703125 0.235024003125 0.740823775 0.2417596234375 0.7887502109375
0 0.717675459375 0.673962525 0.7243407265624999 0.6730257828124999 0.7209952187499999 0.6492212609375 0.714329953125 0.6501580031249999 0.717675459375 0.673962525
0 0.9216772640625001 0.86117495 0.9316751640625001 0.8597698375 0.9293556125 0.8432653703125 0.9193577124999999 0.844670484375 0.9216772640625001 0.86117495
0 0.34296682500000003 0.133998015625 0.365343075 0.1308532390625 0.35985644375 0.091813825 0.33748019375 0.0949586015625 0.34296682500000003 0.133998015625
0 0.3754028828125 0.6411501265624999 0.4087292140625 0.6364664171875 0.400253928125 0.57616163125 0.3669275984375 0.580845340625 0.3754028828125 0.6411501265624999
0 0.553806765625 0.38886589374999997 0.580467828125 0.385118925 0.5743567015625 0.341636 0.5476956390625001 0.34538296874999996 0.553806765625 0.38886589374999997
0 0.6677475671875001 0.11489339999999999 0.6815541890625 0.1129530046875 0.67927924375 0.0967659296875 0.665472621875 0.098706325 0.6677475671875001 0.11489339999999999
0 0.559186659375 0.6395957046875 0.6382176687500001 0.6284886203125 0.6237204703125 0.5253356953125 0.5446894609374999 0.5364427796875 0.559186659375 0.6395957046875