0 0.2012708828125 0.51959405625 0.1130248328125 0.513423290625 0.1014881859375 0.6784050374999999 0.1897342359375 0.684575803125 0.2012708828125 0.51959405625
0 0.2909215421875 0.6710885984375 0.266222240625 0.6693614546875 0.26356165625 0.7074095703125 0.28826095937499996 0.7091367140625 0.2909215421875 0.6710885984375
0 0.41270964687499995 0.6214503687499999 0.31583083125 0.6146759421875 0.30782672187500004 0.7291400234375 0.4047055390625 0.73591445 0.41270964687499995 0.6214503687499999
0 0.285800703125 0.46863565781250005 0.24695325625 0.46591917968749996 0.24299591875 0.5225117546875 0.2818433640625 0.5252282328125 0.285800703125 0.46863565781250005
0 0.4639407109375 0.4987636703125 0.3975163734375 0.4941188296875 0.39067487343749996 0.5919568421875 0.4570992109375 0.596601684375 0.4639407109375 0.4987636703125
0 0.636981365625 0.40194468437499997 0.530990184375 0.39453305781250003 0.51533969375 0.6183455062500001 0.6213308734375 0.62575713125 0.636981365625 0.40194468437499997
0 0.732374034375 0.2852377265625 0.67578145625 0.2812803875 0.6692306078125 0.3749618828125 0.7258231859375 0.378919221875 0.732374034375 0.2852377265625
0 0.5964851171875 0.1057701375 0.529101584375 0.10105822187499999 0.5211645500000001 0.21456310625000002 0.5885480828125 0.219275021875 0.5964851171875 0.1057701375
0 0.4976589890625 0.31637658125 0.46144933281249995 0.31384455624999996 0.4566871109375 0.3819474859375 0.49289676718750003 0.3844795125 0.4976589890625 0.31637658125
0 0.44878644218749997 0.1606650234375 0.340397271875 0.1530857140625 0.32899477187500004 0.3161490671875 0.4373839421875 0.3237283765625 0.44878644218749997 0.1606650234375
0 1 0.49769312968749996 0.987227390625 0.49679998281250004 0.9847009546875001 0.53292970625 0.9986093 0.533902271875 1 0.5140143312500001 1 0.49769312968749996