0 0.7834788546875 0.4037568109375 0.8703151046875 0.386877553125 0.8387582312499999 0.22453151875000002 0.75192198125 0.24141077656249998 0.7834788546875 0.4037568109375
0 0.65767329375 0.2806276171875 0.6819780062499999 0.2759032609375 0.6747003546875 0.23846299375000002 0.65039564375 0.24318735 0.65767329375 0.2806276171875
0 0.5528823375 0.360095546875 0.6482134390625001 0.3415650578125 0.6263193296875 0.2289296296875 0.530988228125 0.24746011874999999 0.5528823375 0.360095546875
0 0.7150183218749999 0.474856771875 0.7532451499999999 0.467426228125 0.742420409375 0.41173776406249996 0.70419358125 0.41916830625 0.7150183218749999 0.474856771875
0 0.535150584375 0.49186137187499995 0.6005137406250001 0.47915606093749996 0.58179978125 0.3828810859375 0.516436625 0.395586396875 0.535150584375 0.49186137187499995
0 0.3930647453125 0.6301675484375 0.49736263281250004 0.6098940921875 0.4545529234375 0.38965722343750003 0.350255034375 0.4099306796875 0.3930647453125 0.6301675484375
0 0.3311284859375 0.767587253125 0.3868169515625 0.7567625109375 0.36889803125 0.6645776515625 0.3132095640625 0.6754023921875 0.3311284859375 0.767587253125
0 0.5088367296875 0.9057689921875 0.5751437578124999 0.8928802109375 0.55343311875 0.78118865625 0.487126090625 0.7940774375 0.5088367296875 0.9057689921875
0 0.54978648125 0.676760703125 0.585417659375 0.6698347046875 0.5723912765625 0.6028197703125 0.5367600984374999 0.6097457703125 0.54978648125 0.676760703125
0 0.637294853125 0.8145173734375 0.7439524203125 0.7937852421875 0.7127624890625001 0.6333269546875 0.606104921875 0.6540590859375001 0.637294853125 0.8145173734375
0 0.01651655625 0.6318550265625 0.030202704687499998 0.6291947078125 0.0232919953125 0.5936421859375 0.009605846875 0.596302503125 0.01651655625 0.6318550265625