0 0.3259396375 1 0.5111585390625 0.96063050625 0.4503177140625 0.6743969296875 0.21212936875000002 0.7250254265625 0.27057701875 1 0.3259396375 1
0 0.2937957625 0.296436746875 0.379383678125 0.2782444734375 0.3337364 0.0634909140625 0.248148484375 0.0816831875 0.2937957625 0.296436746875
0 0.5902899453125 0.5420831796875001 0.7047990515625 0.51774351875 0.674478596875 0.37509699375 0.559969490625 0.39943665625 0.5902899453125 0.5420831796875001
0 0.72602891875 0.7563645359375 0.792100909375 0.7423205015625001 0.7479863140624999 0.5347776453125 0.6819143234375 0.5488216796875001 0.72602891875 0.7563645359375
0 0.5983355609375 0.3267300625 0.7003826890625 0.305039275 0.6729276843750001 0.1758736296875 0.57088055625 0.1975644171875 0.5983355609375 0.3267300625
0 0.645107925 0.18604665625 0.697542278125 0.1749013890625 0.6768843859375 0.077713646875 0.6244500328125 0.0888589125 0.645107925 0.18604665625
0 0.49223718125 0.7270892453125 0.5811169390625001 0.7081972703125 0.5404008984375 0.516643365625 0.451521140625 0.5355353421875 0.49223718125 0.7270892453125
0 0.451337609375 0.4028666796875 0.5710196140625 0.377427484375 0.5532938093750001 0.2940341296875 0.43361180624999995 0.31947332500000003 0.451337609375 0.4028666796875
0 0.3920452859375 0.5609565828124999 0.4931518875 0.5394657109375001 0.442173540625 0.29963144218750004 0.3410669375 0.3211223140625 0.3920452859375 0.5609565828124999
0 0.5042583296875 0.544313775 0.5482279453125 0.53496774375 0.53256793125 0.461293165625 0.4885983140625 0.47063919531250004 0.5042583296875 0.544313775
0 0.69635435 0.5277303265625 0.7356213328125001 0.519383871875 0.7132974812499999 0.414358409375 0.6740304984375001 0.4227048640625 0.69635435 0.5277303265625