0 0.766112265625 0.4477450765625 0.6563734250000001 0.4323222875 0.63679105625 0.5716580828125 0.746529896875 0.587080871875 0.766112265625 0.4477450765625
0 0.9321966640625 0.3299697875 0.8038902953125 0.311937503125 0.7769478109375 0.5036432453125 0.905254178125 0.5216755281250001 0.9321966640625 0.3299697875
0 0.870543278125 0.68574915 0.8043667109375001 0.676448640625 0.7935718734375 0.7532578937500001 0.859748440625 0.762558403125 0.870543278125 0.68574915
0 0.6953638546875001 0.7456052468750001 0.599193590625 0.7320893984375 0.579031334375 0.8755513109375 0.6752015984375 0.8890671609374999 0.6953638546875001 0.7456052468750001
0 0.4685691046875 1 0.474031921875 0.9611300390625 0.38095624375 0.9480491046875 0.37542500625 0.9874059125000001 0.4650365984375 1 0.4685691046875 1
0 0.5046154406250001 0.7210629453124999 0.374404709375 0.7027630203124999 0.3516552609375 0.8646337624999999 0.4818659921875 0.8829336874999999 0.5046154406250001 0.7210629453124999
0 0.3408879875 0.554346321875 0.20448808281250003 0.5351765656249999 0.1736202015625 0.75481294375 0.31002010625 0.7739827015625 0.3408879875 0.554346321875
0 0.3427958203125 0.4164104828125 0.1733076296875 0.392590471875 0.147881775 0.57350483125 0.3173699640625 0.5973248421874999 0.3427958203125 0.4164104828125
0 0.4075034609375 0.11317005937499999 0.09971100468750001 0.0699126515625 0.0670142484375 0.3025621671875 0.37480670312500003 0.3458195765625 0.4075034609375 0.11317005937499999
0 0.5578733515625001 0.3110229953125 0.44575405625000003 0.29526565625 0.41961449375 0.4812583109375 0.5317337875 0.4970156515625 0.5578733515625001 0.3110229953125
0 0.511477290625 0.21970282968750002 0.43316041875 0.20869611093749998 0.4175926578125 0.3194664828125 0.49590953125 0.3304732015625 0.511477290625 0.21970282968750002
0 0.6125122046875 0.4093275375 0.582518509375 0.4051121984375 0.5752922140625001 0.4565299625 0.605285909375 0.46074530156250004 0.6125122046875 0.4093275375
0 0.6635363078125 0.1533607453125 0.6059293671875 0.1452646171875 0.5913875625 0.2487349359375 0.6489945031250001 0.2568310625 0.6635363078125 0.1533607453125
0 0 0.666974328125 0.0038292203125 0.667512490625 0.0117692234375 0.611016428125 0 0.609362371875 0 0.666974328125
0 0.5286589125 0.5551664515625 0.4279657890625 0.5410149546875 0.4135578046875 0.64353309375 0.514250928125 0.6576845890625 0.5286589125 0.5551664515625
0 0.3940329171875 0.7582786031250001 0.3207149921875 0.747974440625 0.3055040859375 0.8562056609375001 0.3788220109375 0.8665098234374999 0.3940329171875 0.7582786031250001