0 0.35757747812499996 0.5949198546875001 0.20154161249999997 0.5867423609375 0.1895144078125 0.8162351109375001 0.345550271875 0.8244126046875 0.35757747812499996 0.5949198546875001
0 0.2073947296875 0.4888375921875 0.11305304375 0.48389335468750005 0.106074915625 0.617043959375 0.20041660156250002 0.6219881968750001 0.2073947296875 0.4888375921875
0 0.3291666015625 0.328644946875 0.252589 0.324631684375 0.2420379375 0.525957959375 0.3186155390625 0.529971221875 0.3291666015625 0.328644946875
0 0.2235187109375 0.0663460359375 0.1164541015625 0.0607350171875 0.1067753046875 0.24541746562500003 0.21383991406249997 0.251028484375 0.2235187109375 0.0663460359375
0 0.5781275765625 0.0518721734375 0.3327911875 0.0390146390625 0.3198581671875 0.285791359375 0.5651945578124999 0.2986488953125 0.5781275765625 0.0518721734375
0 0.5441390609375001 0.26865968281249997 0.500689075 0.26638256562499996 0.49325804062499995 0.4081751578125 0.5367080265624999 0.41045227500000003 0.5441390609375001 0.26865968281249997
0 0.712301009375 0.3394165421875 0.5526643171875001 0.33105033906250003 0.5339944703125 0.687292221875 0.6936311625 0.6956584265625 0.712301009375 0.3394165421875
0 0.712182209375 0.22226259062499998 0.641125878125 0.21853868593749998 0.6314470812499999 0.40322113593750003 0.7025034125 0.406945040625 0.712182209375 0.22226259062499998
0 0.6296725890625 0.1890527046875 0.559816534375 0.185391703125 0.5558242390625 0.2615692125 0.6256802953125 0.26523021406249997 0.6296725890625 0.1890527046875
0 0.9322435 0.6025701375 0.7113927359375001 0.5909958390625001 0.704263640625 0.72702710625 0.925114403125 0.7386014046875 0.9322435 0.6025701375
0 0.5580461875 1 0.5613907203124999 0.9361825109374999 0.5102589671875 0.933502809375 0.5067739984374999 1 0.5580461875 1
0 0.47191158125 0.9992141218749999 0.4875620453125 0.7005854828125 0.37449605625000004 0.6946599453125 0.3588455921875 0.993288584375 0.47191158125 0.9992141218749999
0 0.4387601046875 0.6075192265625 0.38930873906249996 0.604927590625 0.38508160468749997 0.685586128125 0.43453297031250004 0.6881777640625 0.4387601046875 0.6075192265625
0 0.6022381234374999 0.542588584375 0.46444644999999996 0.5353672281249999 0.4575186453125 0.6675576125 0.59531031875 0.67477896875 0.6022381234374999 0.542588584375
0 0.42035790781250004 0.5590538109375001 0.3893907890625 0.55743089375 0.388250134375 0.5791958953125 0.4192172515625 0.5808188140625 0.42035790781250004 0.5590538109375001
0 0.27300638125 0.307086459375 0.21707352656249998 0.3041551421875 0.2117728328125 0.40529839062499995 0.2677056875 0.4082297078125 0.27300638125 0.307086459375
0 0.6118307328125 0.047219428125000004 0.546055615625 0.0437723 0.54085556875 0.14299510625 0.6066306859374999 0.1464422328125 0.6118307328125 0.047219428125000004
0 0.9416699390625001 0.023102671875 0.8658125046875 0.019127153124999997 0.8648395921875001 0.0376914203125 0.940697028125 0.041666939062500005 0.9416699390625001 0.023102671875