0 0.45336538437499996 0.041025640625 0.21538461562500003 0.041025640625 0.21538461562500003 0.2695512828125 0.45336538437499996 0.2695512828125 0.45336538437499996 0.041025640625
0 0.606490384375 0.11698717968750001 0.5242788468749999 0.11698717968750001 0.5242788468749999 0.352884615625 0.606490384375 0.352884615625 0.606490384375 0.11698717968750001
0 0.5629807687499999 0.3237179484375 0.48052884687499997 0.3237179484375 0.48052884687499997 0.503846153125 0.5629807687499999 0.503846153125 0.5629807687499999 0.3237179484375
0 0.65889423125 0.688141025 0.55985576875 0.688141025 0.55985576875 0.859294871875 0.65889423125 0.859294871875 0.65889423125 0.688141025
0 0.547596153125 0.7112179484375 0.493990384375 0.7112179484375 0.493990384375 0.875641025 0.547596153125 0.875641025 0.547596153125 0.7112179484375
0 0.38701923125 0.45416666718750004 0.31538461562500003 0.45416666718750004 0.31538461562500003 0.5637820515625 0.38701923125 0.5637820515625 0.38701923125 0.45416666718750004
0 0.71201923125 0.2176282046875 0.669471153125 0.2176282046875 0.669471153125 0.274358975 0.71201923125 0.274358975 0.71201923125 0.2176282046875
0 0.7911057687499999 0.402564103125 0.7516826921875001 0.402564103125 0.7516826921875001 0.45384615312500004 0.7911057687499999 0.45384615312500004 0.7911057687499999 0.402564103125
0 0.85625 0.4887820515625 0.6014423078125 0.4887820515625 0.6014423078125 0.733653846875 0.85625 0.733653846875 0.85625 0.4887820515625
0 0.146634615625 0.053525640625 0.043509615625 0.053525640625 0.043509615625 0.0929487171875 0.146634615625 0.0929487171875 0.146634615625 0.053525640625
0 0.096634615625 0 0.096634615625 0.035256410937499996 0.12451923125 0.035256410937499996 0.12451923125 0 0.096634615625 0
0 0.024278846875000003 0.284615384375 0.00024038437500000003 0.284615384375 0.00024038437500000003 0.336858975 0.024278846875000003 0.336858975 0.024278846875000003 0.284615384375
0 0.077884615625 0.37179487187500004 0.061298076562500005 0.37179487187500004 0.061298076562500005 0.384615384375 0.077884615625 0.384615384375 0.077884615625 0.37179487187500004
0 0.45144230781249994 0.472115384375 0.365384615625 0.472115384375 0.365384615625 0.563141025 0.45144230781249994 0.563141025 0.45144230781249994 0.472115384375