0 0.46941176718750005 0.0396777109375 0.2315759703125 0.031372301562499996 0.22360054062499998 0.2597587328125 0.4614363375 0.268064140625 0.46941176718750005 0.0396777109375
0 0.6197924687499999 0.12093696093749999 0.5376310109375 0.1180678203125 0.529398309375 0.353821553125 0.611559765625 0.35669069531250003 0.6197924687499999 0.12093696093749999
0 0.5690945578125 0.32602333125 0.4866928625 0.3231458015625 0.4804064796875 0.5031642765625 0.5628081734375 0.5060418078125 0.5690945578125 0.32602333125
0 0.652231409375 0.69357174375 0.5532532796875 0.69011535 0.5472800953125 0.8611649359375001 0.6462582265625 0.864621328125 0.652231409375 0.69357174375
0 0.540195759375 0.7127503625 0.4866226453125 0.710879546875 0.4808843625 0.8752024625000001 0.5344574765625 0.8770732765625 0.540195759375 0.7127503625
0 0.388687615625 0.45025161562499993 0.31709663906249996 0.44775160312500006 0.3132711171875 0.5573002125000001 0.38486209531250004 0.559800225 0.388687615625 0.45025161562499993
0 0.7217447078125 0.22519958281250002 0.67922255 0.2237146765625 0.6772426734375 0.2804108875 0.7197648328125 0.28189579375 0.7217447078125 0.22519958281250002
0 0.7943288984375 0.412782903125 0.7549298375 0.41140705781250003 0.7531401203125 0.46265786875000003 0.79253918125 0.46403371406250005 0.7943288984375 0.412782903125
0 0.8564244828125 0.50122183125 0.6017720125 0.4923291703125 0.5932261109375 0.737051796875 0.8478785796875 0.7459444562499999 0.8564244828125 0.50122183125
0 0.16243160625 0.041465346874999996 0.059369428125 0.0378663359375 0.0579935828125 0.077265396875 0.16105576093750001 0.08086440781250001 0.16243160625 0.041465346874999996
0 0.11384913125 0 0.11309965156249999 0.021462271875 0.14096728125 0.0224354296875 0.14175074375000002 0 0.11384913125 0
0 0.0320854578125 0.2681441625 0.0080616390625 0.26730523125 0.0062383640625 0.319516996875 0.0302621828125 0.3203559265625 0.0320854578125 0.2681441625
0 0.0826160515625 0.35714135625 0.066039615625 0.3565624953125 0.0655921875 0.369375196875 0.082168621875 0.36995405937500003 0.0826160515625 0.35714135625
0 0.452445046875 0.47043773125 0.366439778125 0.4674343625 0.3632630296875 0.5584045515625 0.44926829843749994 0.561407921875 0.452445046875 0.47043773125