0 0.3979503453125 0.2364137328125 0.59638708125 0.22948416875 0.5918792296875 0.1003961859375 0.39344249375 0.10732575 0.3979503453125 0.2364137328125
0 0.22527733906249997 0.45763879999999996 0.3470780953125 0.453385425 0.34154115625000003 0.294828225 0.2197403984375 0.2990816015625 0.22527733906249997 0.45763879999999996
0 0.46443254375 0.4733404296875 0.5408282843750001 0.4706726328125 0.5369803906249999 0.36048338750000003 0.46058465000000004 0.3631511859375 0.46443254375 0.4733404296875
0 0.6236736015625 0.5287141656250001 0.7238529234375 0.5252158265625 0.7193003296875 0.394846575 0.6191210078125 0.3983449140625 0.6236736015625 0.5287141656250001
0 0.6245964453124999 0.7066749828125001 0.8042946046875 0.7003997859375 0.7957263296875 0.45503652499999997 0.616028171875 0.46131172343750004 0.6245964453124999 0.7066749828125001
0 0.41435526874999995 0.885274940625 0.5385584062500001 0.8809376703125 0.533759725 0.7435214328125 0.4095565875 0.7478587015625 0.41435526874999995 0.885274940625
0 0.3949228984375 0.7076397796875 0.48020745312499996 0.704661578125 0.4778584484375 0.6373948875 0.39257389374999996 0.6403730890625 0.3949228984375 0.7076397796875
0 0.8341913625 0.27537954375 0.8659028015624999 0.27427215625 0.8634307546875 0.203481971875 0.8317193156249999 0.20458935937499997 0.8341913625 0.27537954375
0 0.72344536875 0.2311406515625 0.773414909375 0.22939567656249998 0.7704730609375 0.1451521546875 0.7205035203125 0.1468971296875 0.72344536875 0.2311406515625
0 0.6706349671875 0 0.6722733390625 0.04691686875 0.734254790625 0.0447524296875 0.7326920015625 0 0.6706349671875 0
0 0.5188241125 0 0.5140550109375 0.000166540625 0.5158559140625 0.0517376703125 0.56174140625 0.050135314062500005 0.5599906421874999 0 0.5188241125 0
0 0.6701277609375 0.34364686875 0.6922296734375 0.342875053125 0.6912117703125 0.313726153125 0.6691098578125 0.31449796874999997 0.6701277609375 0.34364686875