0 0.346875 0.2708333328125 0.2375 0.2708333328125 0.2375 0.5032051281250001 0.346875 0.5032051281250001 0.346875 0.2708333328125
0 0.3353365390625 0.5032051281250001 0.2891826921875 0.5032051281250001 0.2891826921875 0.5509615390625 0.3353365390625 0.5509615390625 0.3353365390625 0.5032051281250001
0 0.31923076875 0.716346153125 0.2459134609375 0.716346153125 0.2459134609375 0.8846153843750001 0.31923076875 0.8846153843750001 0.31923076875 0.716346153125
0 0.431009615625 0.5833333328125 0.39495192343749996 0.5833333328125 0.39495192343749996 0.653846153125 0.431009615625 0.653846153125 0.431009615625 0.5833333328125
0 0.48269230781249994 0.5048076921875 0.4334134609375 0.5048076921875 0.4334134609375 0.5480769234375 0.48269230781249994 0.5480769234375 0.48269230781249994 0.5048076921875
0 0.47355769218750005 0.8173076921875 0.4177884609375 0.8173076921875 0.4177884609375 0.891346153125 0.47355769218750005 0.891346153125 0.47355769218750005 0.8173076921875
0 0.6449519234375 0.7980769234375 0.56923076875 0.7980769234375 0.56923076875 0.849358975 0.6449519234375 0.849358975 0.6449519234375 0.7980769234375
0 0.7014423078124999 0.6041666671875 0.6233173078124999 0.6041666671875 0.6233173078124999 0.6698717953125 0.7014423078124999 0.6698717953125 0.7014423078124999 0.6041666671875
0 0.9394230765625 0.5128205125 0.78798076875 0.5128205125 0.78798076875 0.6233974359375 0.9394230765625 0.6233974359375 0.9394230765625 0.5128205125
0 0.715865384375 0.1458333328125 0.6425480765625 0.1458333328125 0.6425480765625 0.22916666718749998 0.715865384375 0.22916666718749998 0.715865384375 0.1458333328125
0 0.48461538437499996 0.052884615625 0.42259615312500004 0.052884615625 0.42259615312500004 0.1948717953125 0.48461538437499996 0.1948717953125 0.48461538437499996 0.052884615625
0 0.5391826921875 0 0.5391826921875 0.0320512828125 0.596875 0.0320512828125 0.596875 0 0.5391826921875 0
0 0.48389423125000003 0.24038461562500002 0.42860576874999995 0.24038461562500002 0.42860576874999995 0.2804487171875 0.48389423125000003 0.2804487171875 0.48389423125000003 0.24038461562500002
0 0.512740384375 0.153846153125 0.48870192343749996 0.153846153125 0.48870192343749996 0.2628205125 0.512740384375 0.2628205125 0.512740384375 0.153846153125
0 0.5235576921875 0.30608974375 0.49230769218750003 0.30608974375 0.49230769218750003 0.341346153125 0.5235576921875 0.341346153125 0.5235576921875 0.30608974375