0 0.7215737953125 0.48795180781249997 0.7097138546874999 0.48795180781249997 0.7097138546874999 0.5535475234375 0.7215737953125 0.5535475234375 0.7215737953125 0.48795180781249997
0 0.72929216875 0.7151941093749999 0.7127259031250001 0.7151941093749999 0.7127259031250001 0.7904953140625001 0.72929216875 0.7904953140625001 0.72929216875 0.7151941093749999
0 0.812688253125 0.90093708125 0.772025603125 0.90093708125 0.772025603125 0.9605087015624999 0.812688253125 0.9605087015624999 0.812688253125 0.90093708125
0 0.9930346390624999 0.1171352078125 0.9614081328124999 0.1171352078125 0.9614081328124999 0.16298527499999999 0.9930346390624999 0.16298527499999999 0.9930346390624999 0.1171352078125
0 0.4930346390625 0.2392904953125 0.47383283125000003 0.2392904953125 0.47383283125000003 0.29283801875000004 0.4930346390625 0.29283801875000004 0.4930346390625 0.2392904953125
0 0.1025978921875 0.17536813906249998 0.0913027109375 0.17536813906249998 0.0913027109375 0.20113788437500002 0.1025978921875 0.20113788437500002 0.1025978921875 0.17536813906249998
0 0.09958584375 0.20046854062500002 0.08791415625 0.20046854062500002 0.08791415625 0.24765729531249997 0.09958584375 0.24765729531249997 0.09958584375 0.20046854062500002
0 0.29292168749999997 0.62851405625 0.270331325 0.62851405625 0.270331325 0.65729585 0.29292168749999997 0.65729585 0.29292168749999997 0.62851405625
0 0.0448042171875 0.3761713515625 0.03557981875 0.3761713515625 0.03557981875 0.40127175312499996 0.0448042171875 0.40127175312499996 0.0448042171875 0.3761713515625
0 0.22176204843749997 0.5388219546874999 0.2099021078125 0.5388219546874999 0.2099021078125 0.5829986609375 0.22176204843749997 0.5829986609375 0.22176204843749997 0.5388219546874999
0 0.24491716874999997 0.51606425625 0.22910391562500002 0.51606425625 0.22910391562500002 0.549531459375 0.24491716874999997 0.549531459375 0.24491716874999997 0.51606425625
0 0.13591867500000002 0.62851405625 0.1170933734375 0.62851405625 0.1170933734375 0.6807228921874999 0.13591867500000002 0.6807228921874999 0.13591867500000002 0.62851405625