0 0.7390686234375 0.46600178750000004 0.630799096875 0.48509262656249996 0.653115328125 0.611654265625 0.7613848546875001 0.5925634265624999 0.7390686234375 0.46600178750000004
0 0.5423398890625 0.2750400140625 0.49599163281249997 0.2832124625 0.5149371828125 0.39065802031249997 0.5612854390625001 0.3824855734375 0.5423398890625 0.2750400140625
0 0.5110708515625 0.354637590625 0.4367282484375 0.3677461984375 0.454685840625 0.4695887671875 0.5290284453125 0.45648016093750005 0.5110708515625 0.354637590625
0 0.43673075624999996 0.219237915625 0.378517346875 0.22950251093750001 0.3968817453125 0.33365219218750003 0.4550951546875 0.323387596875 0.43673075624999996 0.219237915625
0 0.49167959687499996 0.23707557656249997 0.434207759375 0.2472094125 0.449956975 0.33652765156250003 0.5074288124999999 0.3263938171875 0.49167959687499996 0.23707557656249997
0 0.35659139375 0.3805171484375 0.3067206703125 0.389310703125 0.3200290484375 0.4647862640625 0.369899771875 0.4559927109375 0.35659139375 0.3805171484375
0 0.349933490625 0.4999536546875 0.31341106406249997 0.50639354375 0.33096185 0.6059289984375 0.3674842765625 0.599489109375 0.349933490625 0.4999536546875
0 0.437939940625 0.489533265625 0.405125375 0.495319359375 0.41535364843749994 0.553326778125 0.44816821406249996 0.547540684375 0.437939940625 0.489533265625
0 0.6766688750000001 0.623813215625 0.5572757671875 0.6448654406250001 0.5991187015625 0.8821685140625 0.718511809375 0.8611162875 0.6766688750000001 0.623813215625
0 0.5414515390625 0.67654164375 0.5132718 0.6815104921875 0.5265220625 0.756656465625 0.5547018015625 0.7516876171875 0.5414515390625 0.67654164375
0 0.573675484375 0.474435134375 0.5321474484375 0.4817576484375 0.544409753125 0.5513006296875 0.5859377890624999 0.5439781171875 0.573675484375 0.474435134375
0 0.5309102265625001 0.464984059375 0.5058821671875 0.46939718125 0.5111706500000001 0.4993896515625 0.5361987078125 0.49497652968750006 0.5309102265625001 0.464984059375
0 0.47041073593749994 0.315929359375 0.4272141625 0.32354608125 0.43453667500000004 0.36507411875 0.47773325 0.357457396875 0.47041073593749994 0.315929359375
0 0.5159817703125 0.45946031249999997 0.489285175 0.4641676421875 0.4970726109375 0.5083323796875 0.5237692046875 0.50362505 0.5159817703125 0.45946031249999997
0 0.38461451874999997 0.42994949531250004 0.3666313953125 0.43312040625000003 0.3749418671875 0.48025143281249993 0.39292499062499997 0.47708052187499994 0.38461451874999997 0.42994949531250004
0 0.44105457968749995 0.5722436156249999 0.42288606250000005 0.575447215625 0.4363687859375 0.6519115390625 0.45453730312499996 0.6487079390625 0.44105457968749995 0.5722436156249999
0 0.29909875937499997 0.592176734375 0.2770369890625 0.59606681875 0.28255793281249997 0.6273776421874999 0.30461970156249996 0.62348755625 0.29909875937499997 0.592176734375