0 0.3882005546875 0.709238015625 0.607043825 0.7438993843749999 0.6742164953125 0.3197878390625 0.45537322343750003 0.2851264703125 0.3882005546875 0.709238015625
0 0.2064293234375 0.9593449234375001 0.4284877265625 0.9945155187499999 0.46934657343749997 0.736542909375 0.2472881703125 0.7013723140625 0.2064293234375 0.9593449234375001
0 0 0.9258685078125 0.21340897499999997 0.95966916875 0.3358044578125 0.1868944953125 0.05072948125 0.14174305468749998 0 0.46203639687500003 0 0.9258685078125
0 0.4107276265625 0.47961086093749994 0.70651970625 0.5264597234374999 0.7659068640625 0.1515039640625 0.47011478437500004 0.10465510156249999 0.4107276265625 0.47961086093749994
0 0.679015559375 0.49202640468750003 0.8382717312500001 0.5172501046875 0.861326503125 0.3716880109375 0.7020703296875 0.34646431093749996 0.679015559375 0.49202640468750003
0 0.2322088125 0.7466385859375 0.34709617187499997 0.76483495625 0.3727461125 0.6028876015625 0.2578587546875 0.58469123125 0.2322088125 0.7466385859375
0 0.5913347078125 0.714068496875 0.670212596875 0.7265615265625 0.701716759375 0.5276520703124999 0.622838871875 0.5151590390624999 0.5913347078125 0.714068496875
0 0.604932296875 1 0.6105750624999999 0.964372978125 0.533840596875 0.9522194328125 0.526272896875 1 0.604932296875 1
0 0.7835814562500001 0.884746934375 0.83095105625 0.8922495421875001 0.843202675 0.8148958640625 0.795833075 0.8073932562499999 0.7835814562500001 0.884746934375
0 0.804217425 1 0.8229684718750001 0.8816105484375001 0.782672159375 0.8752282390625 0.762910253125 1 0.804217425 1
0 0.35980491875 0.7539576421875 0.4296804390625 0.7650248375 0.4484501609375 0.6465174796875 0.378574640625 0.635450284375 0.35980491875 0.7539576421875
0 0.9268206234375 1 0.9309232656249999 0.9740969359375 0.8867687953125 0.9671035546875 0.8815585109375 1 0.9268206234375 1