0 0.6076025031250001 0.2967966859375 0.2595498921875 0.3900571015625 0.294030578125 0.518740775 0.6420831890625001 0.42548035781250004 0.6076025031250001 0.2967966859375
0 0.7726313140625 0.721103990625 0.6059492359374999 0.76576631875 0.627082559375 0.8446369562499999 0.7937646375 0.799974628125 0.7726313140625 0.721103990625
0 1 0.48398678593750005 0.9892045171875001 0.44369749687500004 0.9055441640625 0.466114221875 0.9290731687499999 0.553925659375 1 0.5349208734374999 1 0.48398678593750005
0 0.16251355 0.4276940734375 0.047879709375 0.45841011875 0.0658473125 0.5254661265625 0.180481153125 0.49475008125000003 0.16251355 0.4276940734375
0 0.3229422796875 0.1400056828125 0.20319940937499997 0.1720906875 0.2315197734375 0.277783728125 0.3512626453125 0.24569872343750002 0.3229422796875 0.1400056828125
0 0.665442925 0.06945179375 0.6105208609375 0.0841681171875 0.629515184375 0.15505589687500002 0.684437246875 0.1403395734375 0.665442925 0.06945179375
0 0.322136821875 0.5878715015625 0.2745589890625 0.60061994375 0.28687963125 0.64660120625 0.334457465625 0.6338527640625 0.322136821875 0.5878715015625
0 0.3356553046875 0.6383231640625 0.25039838125 0.6611676875 0.2627190234375 0.7071489515625 0.347975946875 0.6843044265625 0.3356553046875 0.6383231640625
0 0.3803850875 0.5945095296875 0.3069427921875 0.6141883328125 0.322514715625 0.6723035390625001 0.395957009375 0.6526247359374999 0.3803850875 0.5945095296875
0 0.79641161875 0.6808503124999999 0.7593711578125 0.6907752734375 0.7751142 0.7495291078124999 0.8121546609375001 0.739604146875 0.79641161875 0.6808503124999999
0 0.63382825 0 0.639619378125 0.021612784375 0.6731473828125 0.0126289828125 0.66976345625 0 0.63382825 0
0 0.3673805234375 0.8844490234375 0.31118120312499997 0.899507584375 0.318624925 0.9272879296875001 0.3748242453125 0.9122293687499999 0.3673805234375 0.8844490234375
0 0.8177585031250001 0.45780799375000003 0.7765669546875 0.468845234375 0.8053151203125 0.5761348468749999 0.8465066671875 0.5650976046875 0.8177585031250001 0.45780799375000003