0 0.39331037812499997 0.8524199375 0.6026099234375 0.8633888609374999 0.6087172265625 0.7468545718749999 0.39941768125 0.7358856484375 0.39331037812499997 0.8524199375
0 0.23039909218750002 0.985894925 0.26143088593749997 0.98752123125 0.2635589265625 0.9469157984375001 0.23252713281249998 0.9452894921875 0.23039909218750002 0.985894925
0 0.1850479890625 0.9732561765625001 0.2315956796875 0.9756956375 0.2332392890625 0.9443337171874999 0.1866915984375 0.94189425625 0.1850479890625 0.9732561765625001
0 0.76837684375 0.757539203125 0.806011146875 0.7595115328125 0.8085717156250001 0.710652965625 0.7709374125 0.7086806343750001 0.76837684375 0.757539203125
0 0.8413144625 0.7491135109375 0.9324290921875 0.7538886265625 0.9331038359375 0.741013734375 0.8419892078125001 0.7362386187500001 0.8413144625 0.7491135109375
0 0.8227455984375001 0.692857984375 0.840572375 0.693792246875 0.84238899375 0.659129071875 0.82456221875 0.6581948109375 0.8227455984375001 0.692857984375
0 0.9216995406249999 0.7122783234375001 0.9596639703125 0.7142679546874999 0.9601484015624999 0.7050244421875 0.9221839718749999 0.7030348109375 0.9216995406249999 0.7122783234375001
0 0.77180994375 0.647816440625 0.799870609375 0.6492870374999999 0.800631859375 0.6347615171875 0.7725711953125 0.6332909203125 0.77180994375 0.647816440625
0 0.6671190078125 0.5357374578125 0.7024424312499999 0.53758868125 0.7029268640625 0.5283451671875 0.667603440625 0.5264939453124999 0.6671190078125 0.5357374578125
0 0.746017553125 0.299874025 0.7714372140625 0.3012062125 0.7722330671875001 0.2860204421875 0.74681340625 0.2846882546875 0.746017553125 0.299874025
0 0.8177398828125 0.2956880625 0.8936687390625 0.29966732500000004 0.8950874328125 0.2725970359375 0.8191585765625 0.26861777343750004 0.8177398828125 0.2956880625
0 0.7929257609375 0.2828014828125 0.822637053125 0.284358584375 0.8231733890624999 0.2741246953125 0.793462096875 0.27256759218750004 0.7929257609375 0.2828014828125
0 0.7541079609375 0.2718292578125 0.7897615124999999 0.27369778125 0.790661171875 0.25653125781249997 0.7550076203125 0.254662734375 0.7541079609375 0.2718292578125
0 0.5782951125 0.2851254859375 0.6258331796875 0.28761685 0.6267155375 0.27078045156249997 0.5791774703125 0.2682890859375 0.5782951125 0.2851254859375
0 0.5756845 0.2654577703125 0.5898798953125 0.26620171875 0.5903124234375 0.2579485828125 0.576117028125 0.2572046328125 0.5756845 0.2654577703125
0 0.5467531625000001 0.25533470625 0.565570315625 0.25632087187499997 0.566037446875 0.247407484375 0.5472202937499999 0.24642131875 0.5467531625000001 0.25533470625
0 0.430499903125 0.2628144515625 0.4806789734375 0.265444225 0.48176894531250003 0.24464631875 0.4315898765625 0.2420165453125 0.430499903125 0.2628144515625
0 0.4183862609375 0.2476141859375 0.47120633593749994 0.25038236875000003 0.472313609375 0.2292543390625 0.4194935328125 0.22648615625000001 0.4183862609375 0.2476141859375
0 0.375923990625 0.2556508296875 0.4231319328125 0.25812489375 0.424118096875 0.2393077421875 0.3769101546875 0.2368336796875 0.375923990625 0.2556508296875
0 0.3859437390625 0.3866026234375 0.428529925 0.3888344703125 0.42901435625 0.37959095781249996 0.3864281703125 0.377359109375 0.3859437390625 0.3866026234375
0 0.48746155 0.5276461390625 0.5333489890625 0.530050996875 0.533954528125 0.5184966078125 0.48806708906249996 0.5160917484375 0.48746155 0.5276461390625
0 0.6430343765625001 0.7552737015625001 0.6671335359375 0.7565366859375 0.6679120875 0.7416810375 0.643812928125 0.7404180546875 0.6430343765625001 0.7552737015625001
0 0.6612025078125 0.80654274375 0.69454518125 0.808290159375 0.696309896875 0.7746173625 0.6629672249999999 0.772869946875 0.6612025078125 0.80654274375