0 0.44766374999999997 1 0.4588482546875 0.9984281203125001 0.44128338749999996 0.8734475968750001 0.2990797140625 0.8934330203125 0.3140567265625 1 0.44766374999999997 1
0 0.7169861203125001 0.9426186968750001 0.8233318734375 0.9276727765624999 0.8113919046875001 0.8427154859374999 0.7050461515625 0.8576614078125001 0.7169861203125001 0.9426186968750001
0 0.678229778125 0.9573300203124999 0.7411039421875001 0.9484936328125 0.7355825703125001 0.9092070234375 0.6727084062500001 0.9180434109375 0.678229778125 0.9573300203124999
0 0.0521680578125 0.902594290625 0.0752546640625 0.8993496796875 0.07059600625 0.8662016046875 0.0475094 0.8694462156249999 0.0521680578125 0.902594290625
0 0.04026446875 0.8018572453124999 0.090121715625 0.7948502656249999 0.085532075 0.762193271875 0.035674828125 0.7692002515625 0.04026446875 0.8018572453124999
0 0.045498915625000004 0.767819565625 0.0727607609375 0.7639881640625 0.0689648171875 0.7369786203124999 0.041702971875 0.7408100234375 0.045498915625000004 0.767819565625
0 0.16279945468749998 0.7631024359375 0.1986573765625 0.7580629328125 0.19575865625 0.7374374640625 0.15990073437500002 0.7424769671875 0.16279945468749998 0.7631024359375
0 0.19817829843749998 0.7528720484375 0.2296153796875 0.7484538546875 0.2260955046875 0.7234086421875 0.1946584234375 0.7278268359375 0.19817829843749998 0.7528720484375
0 0.366555109375 0.6535900984375 0.42181560312500005 0.6458237421875 0.41412018906250003 0.591068034375 0.3588596953125 0.5988343890625 0.366555109375 0.6535900984375
0 0.2190159359375 0.7514458578125 0.349430703125 0.73311725625 0.33614489999999997 0.63858385625 0.2057301328125 0.6569124562499999 0.2190159359375 0.7514458578125
0 0.23281756250000002 0.6678786453125001 0.29790214531250003 0.658731603125 0.2921392125 0.61772620625 0.2270546296875 0.626873246875 0.23281756250000002 0.6678786453125001
0 0.2122031453125 0.663764859375 0.23307933281249998 0.6608309015625 0.23128488749999998 0.6480627546875 0.21040869999999998 0.6509967125 0.2122031453125 0.663764859375
0 0.18910658281249998 0.68654138125 0.22103487031250002 0.682054153125 0.21692834843750003 0.6528347375 0.1850000625 0.657321965625 0.18910658281249998 0.68654138125
0 0.1345260046875 0.6884531828125 0.1676823015625 0.68379336875 0.166163925 0.6729895531250001 0.133007628125 0.677649365625 0.1345260046875 0.6884531828125
0 0.151474428125 0.670046203125 0.1834027140625 0.6655589749999999 0.17995185625000001 0.6410048453125 0.14802356875 0.6454920734375 0.151474428125 0.670046203125
0 0.1345642546875 0.6566481296875 0.138493890625 0.65609585625 0.13694100468749998 0.645046496875 0.13301136875 0.645598771875 0.1345642546875 0.6566481296875
0 0.10973417968750002 0.6706541984375 0.12373350624999999 0.6686867203125 0.12200807656249998 0.6564096562499999 0.10800875000000001 0.6583771328125 0.10973417968750002 0.6706541984375
0 0.038675570312500004 0.6390759 0.0669198234375 0.6351064296875 0.0646077484375 0.6186551640625 0.0363634953125 0.6226246343749999 0.038675570312500004 0.6390759
0 0.12059449375 0.5697225875 0.145400315625 0.56623635625 0.1431572578125 0.550276171875 0.1183514359375 0.553762403125 0.12059449375 0.5697225875
0 0.18542194843749998 0.626464559375 0.206052534375 0.6235651203125 0.20394751093750002 0.6085871 0.18331692500000002 0.611486540625 0.18542194843749998 0.626464559375
0 0.13918810312500002 0.659253375 0.1539242359375 0.657182346875 0.152957996875 0.650307190625 0.1382218640625 0.65237821875 0.13918810312500002 0.659253375
0 0.1773189484375 0.611578328125 0.203598384375 0.60788499375 0.19921579375 0.5767012484375 0.17293635937500001 0.5803945828125 0.1773189484375 0.611578328125
0 0.4624833125 0.5627373999999999 0.47869305781250004 0.5604592687500001 0.4764845078125 0.544744625 0.4602747640625 0.54702275625 0.4624833125 0.5627373999999999
0 0.51156333125 0.573367034375 0.5262994625 0.57129600625 0.5250916625000001 0.5627020609375 0.51035553125 0.5647730890625 0.51156333125 0.573367034375
0 0.069258321875 0.6553098515625 0.17928810781249999 0.6398461734375 0.1725244265625 0.591720078125 0.062494640625 0.60718375625 0.069258321875 0.6553098515625
0 0.44144984843749996 0.4665385578125 0.46134362656250005 0.46374267031249994 0.45999779218750003 0.45416655781250004 0.4401040140625 0.456962446875 0.44144984843749996 0.4665385578125
0 0.9232453328125001 0.918638678125 0.99152274375 0.9090429140625 0.987312696875 0.8790868765625 0.9190352859375001 0.888682640625 0.9232453328125001 0.918638678125
0 0.801030578125 0.9097741609375 0.8501510187499999 0.902870734375 0.8430077421875 0.852043684375 0.7938873015625 0.8589471124999999 0.801030578125 0.9097741609375
0 0.52949686875 0.8274975843749999 0.5926166328125 0.8186266812499999 0.58295423125 0.7498751171875 0.5198344671874999 0.7587460218750001 0.52949686875 0.8274975843749999
0 0.499996309375 0.8439127859375001 0.5270125515624999 0.8401159 0.524527934375 0.8224369250000001 0.497511690625 0.8262338109374999 0.499996309375 0.8439127859375001