0 0.4089256203125 0.63702479375 0.3213223140625 0.63702479375 0.3213223140625 0.7153719015625 0.4089256203125 0.7153719015625 0.4089256203125 0.63702479375
0 0.6357024796874999 0.6386776859375 0.5477685953125 0.6386776859375 0.5477685953125 0.7219834703125 0.6357024796874999 0.7219834703125 0.6357024796874999 0.6386776859375
0 0.5599999999999999 0.4727272734375 0.527933884375 0.4727272734375 0.527933884375 0.4922314046875 0.5599999999999999 0.4922314046875 0.5599999999999999 0.4727272734375
0 0.51239669375 0.46413223124999997 0.4899173546875 0.46413223124999997 0.4899173546875 0.4733884296875 0.51239669375 0.4733884296875 0.51239669375 0.46413223124999997
0 0.3262809921875 0.3771900828125 0.298842975 0.3771900828125 0.298842975 0.403305784375 0.3262809921875 0.403305784375 0.3262809921875 0.3771900828125
0 0.3305785125 0.3447933890625 0.3001652890625 0.3447933890625 0.3001652890625 0.3619834703125 0.3305785125 0.3619834703125 0.3305785125 0.3447933890625
0 0.1242975203125 0.3798347109375 0.080330578125 0.3798347109375 0.080330578125 0.39471074375000004 0.1242975203125 0.39471074375000004 0.1242975203125 0.3798347109375
0 0.0482644625 0.424462809375 0.026115703125 0.424462809375 0.026115703125 0.44892562031249994 0.0482644625 0.44892562031249994 0.0482644625 0.424462809375
0 0.323305784375 0.6575206609375 0.298842975 0.6575206609375 0.298842975 0.671404959375 0.323305784375 0.671404959375 0.323305784375 0.6575206609375
0 0.7672727265625 0.6456198343749999 0.74876033125 0.6456198343749999 0.74876033125 0.671404959375 0.7672727265625 0.671404959375 0.7672727265625 0.6456198343749999
0 0.784462809375 0.5963636359375 0.76528925625 0.5963636359375 0.76528925625 0.6092561984375 0.784462809375 0.6092561984375 0.784462809375 0.5963636359375
0 0.9557024796875 0.938512396875 0.9236363640624999 0.938512396875 0.9236363640624999 0.9679338843749999 0.9557024796875 0.9679338843749999 0.9557024796875 0.938512396875
0 0.834380165625 0.8442975203125 0.8059504125 0.8442975203125 0.8059504125 0.8889256203125001 0.834380165625 0.8889256203125001 0.834380165625 0.8442975203125
0 0.5080991734375 0.50876033125 0.5004958671875 0.50876033125 0.5004958671875 0.5266115703125 0.5080991734375 0.5266115703125 0.5080991734375 0.50876033125
0 0.527933884375 0.5127272734375 0.5186776859375 0.5127272734375 0.5186776859375 0.5262809921875 0.527933884375 0.5262809921875 0.527933884375 0.5127272734375
0 0.5054545453125 0.41421487656249995 0.4895867765625 0.41421487656249995 0.4895867765625 0.423471075 0.5054545453125 0.423471075 0.5054545453125 0.41421487656249995
0 0.8026446281249999 0.44198347031249996 0.7755371906249999 0.44198347031249996 0.7755371906249999 0.450247934375 0.8026446281249999 0.450247934375 0.8026446281249999 0.44198347031249996
0 0.35305785156249997 0.53818181875 0.34049586718749997 0.53818181875 0.34049586718749997 0.5507438015624999 0.35305785156249997 0.5507438015624999 0.35305785156249997 0.53818181875