0 0.41815476250000005 0.20634920625 0.3702876984375 0.20634920625 0.3702876984375 0.31525573125 0.41815476250000005 0.31525573125 0.41815476250000005 0.20634920625
0 0.5275297625 0.28747795468750004 0.4764384921875 0.28747795468750004 0.4764384921875 0.418430334375 0.5275297625 0.418430334375 0.5275297625 0.28747795468750004
0 0.931299603125 0.188712521875 0.5637400796875001 0.188712521875 0.5637400796875001 0.81393298125 0.931299603125 0.81393298125 0.931299603125 0.188712521875
0 0.6173115078125 0.5555555562500001 0.4737103171875 0.5555555562500001 0.4737103171875 0.8835978843750001 0.6173115078125 0.8835978843750001 0.6173115078125 0.5555555562500001
0 0.37946428593750003 0.6543209875 0.247023809375 0.6543209875 0.247023809375 0.9889770718750001 0.37946428593750003 0.9889770718750001 0.37946428593750003 0.6543209875
0 0.2705853171875 0.3906525578125 0.2108134921875 0.3906525578125 0.2108134921875 0.5264550265625 0.2705853171875 0.5264550265625 0.2705853171875 0.3906525578125
0 0.2591765875 0.558641975 0.2457837296875 0.558641975 0.2457837296875 0.603174603125 0.2591765875 0.603174603125 0.2591765875 0.558641975
0 0.2321428578125 0.6459435625000001 0.1852678578125 0.6459435625000001 0.1852678578125 0.8007054671875 0.2321428578125 0.8007054671875 0.2321428578125 0.6459435625000001
0 0.41741071406249997 0.9184303343750001 0.38963293593750004 0.9184303343750001 0.38963293593750004 0.9916225750000001 0.41741071406249997 0.9916225750000001 0.41741071406249997 0.9184303343750001
0 0.49627976250000005 0.6075837749999999 0.428571428125 0.6075837749999999 0.428571428125 0.7059082890624999 0.49627976250000005 0.7059082890624999 0.49627976250000005 0.6075837749999999
0 0.546626984375 0.217372134375 0.4794146828125 0.217372134375 0.4794146828125 0.289241621875 0.546626984375 0.289241621875 0.546626984375 0.217372134375
0 0.3888888890625 0.257495590625 0.346726190625 0.257495590625 0.346726190625 0.36684303281249997 0.3888888890625 0.36684303281249997 0.3888888890625 0.257495590625
0 0.391369046875 0.3553791890625 0.3678075390625 0.3553791890625 0.3678075390625 0.405202821875 0.391369046875 0.405202821875 0.391369046875 0.3553791890625