0 0.6369508609375 0.583829915625 0.5896083296875 0.5888058171874999 0.5934784750000001 0.625627784375 0.6408210046875 0.620651884375 0.6369508609375 0.583829915625
0 0.7774570421875 0.5607521359375001 0.6992103609375 0.56897619375 0.701145434375 0.587387178125 0.779392115625 0.5791631203125001 0.7774570421875 0.5607521359375001
0 0.611696028125 0.5333003984375 0.5581069140625 0.538932840625 0.5605257546875 0.5619465703125 0.61411486875 0.5563141265625 0.611696028125 0.5333003984375
0 0.6702196328125 0.50820255 0.625178475 0.5129365671875 0.6271481031249999 0.53167631875 0.672189259375 0.526942303125 0.6702196328125 0.50820255
0 0.7115041421875 0.5151649546875 0.68816164375 0.51761835 0.6892328453125 0.5278101453125 0.71257534375 0.52535675 0.7115041421875 0.5151649546875
0 0.6752826078124999 0.3318311109375 0.636488034375 0.3359085859375 0.6409110578125 0.377990834375 0.6797056296874999 0.3739133609375 0.6752826078124999 0.3318311109375
0 0.5198436640625 0.3551487921875 0.49189842031250003 0.35808595468750004 0.4974617546875 0.4110175328125 0.5254069968749999 0.40808036875000003 0.5198436640625 0.3551487921875
0 0.528916090625 0.09990967656250001 0.450669409375 0.10813373281250001 0.45529976093749996 0.1521885875 0.5335464421875 0.1439645296875 0.528916090625 0.09990967656250001
0 0.2260616921875 0.399987296875 0.1675410640625 0.4061380625 0.1704436734375 0.43375453906250006 0.22896430156249997 0.42760377343749995 0.2260616921875 0.399987296875
0 0.1557448546875 0.4868213578125 0.1258270078125 0.48996585000000004 0.132323321875 0.5517741546875 0.16224117031250002 0.5486296609375 0.1557448546875 0.4868213578125
0 0.0555110671875 0.6811732390625 0.0203329390625 0.684870609375 0.022302565625 0.7036103609375 0.057480695312499996 0.699912990625 0.0555110671875 0.6811732390625
0 0.798961659375 0.0316388109375 0.750304059375 0.036752931249999995 0.7538632109375001 0.070615990625 0.8025208109375 0.06550187187499999 0.798961659375 0.0316388109375
0 0.8821839562499999 0.40282434375 0.780266009375 0.4135363515625 0.794226175 0.5463584515625 0.896144121875 0.5356464437499999 0.8821839562499999 0.40282434375
0 0.384393221875 0.5781320484375 0.34954385781249997 0.5817948640624999 0.3507878328125 0.593630496875 0.385637196875 0.58996768125 0.384393221875 0.5781320484375