0 0.999751984375 0.7629556156249999 0.947420634375 0.7629556156249999 0.947420634375 0.801140590625 0.999751984375 0.801140590625 0.999751984375 0.7629556156249999
0 0.7085813484375 0.7359285890625 0.6453373015625 0.7359285890625 0.6453373015625 0.778824696875 0.7085813484375 0.778824696875 0.7085813484375 0.7359285890625
0 0.64012896875 0.6660054546875 0.612103175 0.6660054546875 0.612103175 0.6801388546875 0.64012896875 0.6801388546875 0.64012896875 0.6660054546875
0 0.1076388890625 0.5073146546875 0.0982142859375 0.5073146546875 0.0982142859375 0.5147532859374999 0.1076388890625 0.5147532859374999 0.1076388890625 0.5073146546875
0 0.193204365625 0.49367716406250006 0.1676587296875 0.49367716406250006 0.1676587296875 0.5085544265624999 0.193204365625 0.5085544265624999 0.193204365625 0.49367716406250006
0 0.2772817453125 0.55913711875 0.2462797625 0.55913711875 0.2462797625 0.570295065625 0.2772817453125 0.570295065625 0.2772817453125 0.55913711875
0 0.2132936515625 0.5978180015625 0.1862599203125 0.5978180015625 0.1862599203125 0.6126952640625001 0.2132936515625 0.6126952640625001 0.2132936515625 0.5978180015625
0 0.224950396875 0.4921894375 0.20486111093749998 0.4921894375 0.20486111093749998 0.5043392015625 0.224950396875 0.5043392015625 0.224950396875 0.4921894375
0 0.181299603125 0.4812794453125 0.15798611093749998 0.4812794453125 0.15798611093749998 0.49442102656250003 0.181299603125 0.49442102656250003 0.181299603125 0.4812794453125
0 0.16071428593749998 0.48276717031249994 0.1421130953125 0.48276717031249994 0.1421130953125 0.49293329999999996 0.16071428593749998 0.49293329999999996 0.16071428593749998 0.48276717031249994
0 0.1448412703125 0.46466650156249995 0.1264880953125 0.46466650156249995 0.1264880953125 0.4738408140625 0.1448412703125 0.4738408140625 0.1448412703125 0.46466650156249995