0 0.2103365390625 0.43269230781249995 0.1677884609375 0.43269230781249995 0.1677884609375 0.5041666671875 0.2103365390625 0.5041666671875 0.2103365390625 0.43269230781249995
0 0.5105769234374999 0.6830128203125 0.28173076875 0.6830128203125 0.28173076875 0.9195512828125001 0.5105769234374999 0.9195512828125001 0.5105769234374999 0.6830128203125
0 0.775721153125 0.6923076921875 0.7408653843749999 0.6923076921875 0.7408653843749999 0.734615384375 0.775721153125 0.734615384375 0.775721153125 0.6923076921875
0 0.33269230781250003 0.3897435890625 0.30793269218749997 0.3897435890625 0.30793269218749997 0.4519230765625 0.33269230781250003 0.4519230765625 0.33269230781250003 0.3897435890625
0 0.1896634609375 0.0025641031250000002 0.14759615312500002 0.0025641031250000002 0.14759615312500002 0.099358975 0.1896634609375 0.099358975 0.1896634609375 0.0025641031250000002
0 0.8326923078125 0.1823717953125 0.7074519234375 0.1823717953125 0.7074519234375 0.353846153125 0.8326923078125 0.353846153125 0.8326923078125 0.1823717953125
0 0.884134615625 0.3445512828125 0.8560096156249999 0.3445512828125 0.8560096156249999 0.377564103125 0.884134615625 0.377564103125 0.884134615625 0.3445512828125
0 0.9331730765625 0.0025641031250000002 0.8516826921874999 0.0025641031250000002 0.8516826921874999 0.0605769234375 0.9331730765625 0.0605769234375 0.9331730765625 0.0025641031250000002
0 0.16826923124999998 0.09903846093749999 0.15480769218749998 0.09903846093749999 0.15480769218749998 0.1429487171875 0.16826923124999998 0.1429487171875 0.16826923124999998 0.09903846093749999
0 0.025 0.0419871796875 0.008653846875 0.0419871796875 0.008653846875 0.058012820312500005 0.025 0.058012820312500005 0.025 0.0419871796875
0 0.057451923437499997 0.0762820515625 0.03798076875 0.0762820515625 0.03798076875 0.1121794875 0.057451923437499997 0.1121794875 0.057451923437499997 0.0762820515625