0 0.38732902187499996 0.1034537734375 0.240362896875 0.080176625 0.2049645859375 0.3036727671875 0.3519307109375 0.32694991562500003 0.38732902187499996 0.1034537734375
0 0.42249603281250003 0.2333102640625 0.355779584375 0.22274341562500002 0.3410386453125 0.3158140484375 0.4077550921875 0.3263808953125 0.42249603281250003 0.2333102640625
0 0.2798389703125 0.24121936093750002 0.0946474078125 0.21188789843750003 0.068775553125 0.37523635624999996 0.2539671171875 0.4045678171875 0.2798389703125 0.24121936093750002
0 0.15297444843750002 0.387598628125 0.082696625 0.3764677140625 0.07141529375 0.44769523749999995 0.1416931171875 0.45882615156249995 0.15297444843750002 0.387598628125
0 0.07639255 0.7282095 0.045052440625 0.7232457140624999 0.038283640625 0.765982228125 0.0696237515625 0.7709460140625 0.07639255 0.7282095
0 0.3032026046875 0.43637954843750004 0.14460265 0.4112597828125 0.0848868015625 0.7882908140625 0.24348675625 0.8134105796875 0.3032026046875 0.43637954843750004
0 0.3636444 0.684790515625 0.3007267546875 0.6748253390625 0.2699913921875 0.8688807734375 0.33290903906249997 0.87884595 0.3636444 0.684790515625
0 0.64530259375 0.3954820046875 0.527064903125 0.37675499375 0.49943817656249995 0.5511832875 0.617675865625 0.5699102984375 0.64530259375 0.3954820046875
0 0.5864346109375 0.645764675 0.4653478203125 0.6265864109375 0.446595740625 0.7449823859375 0.56768253125 0.7641606484375 0.5864346109375 0.645764675
0 0.6852136718749999 0.5092154640625 0.5721993328125 0.49131575156249996 0.53208793125 0.744569171875 0.6451022703125 0.7624688843749999 0.6852136718749999 0.5092154640625
0 0.7410749546875001 0.5621961171875001 0.612390559375 0.5418145109375 0.5666134234375 0.830839978125 0.6952978187500001 0.8512215828125 0.7410749546875001 0.5621961171875001
0 0.632887121875 0.30330234843750004 0.567595225 0.292961128125 0.546386321875 0.4268688734375 0.6116782187500001 0.4372100953125 0.632887121875 0.30330234843750004
0 0.7024586625 0.45872748281250003 0.6525993953125 0.45083054999999994 0.6407665312499999 0.525540309375 0.6906257984375 0.533437240625 0.7024586625 0.45872748281250003
0 0.10598927031250001 0.2493801609375 0.0637276046875 0.2426865703125 0.057761034375 0.28035801562499996 0.10002269999999999 0.28705160625000004 0.10598927031250001 0.2493801609375
0 0.38028335156250004 0.72571781875 0.34324503906250003 0.7198515249999999 0.3320639859375 0.790445915625 0.3691022984375 0.7963122078125 0.38028335156250004 0.72571781875