0 0.24041495781250002 0.677275565625 0.46679595 0.6454597921875 0.4245087390625 0.3445706484375 0.198127746875 0.37638642187500004 0.24041495781250002 0.677275565625
0 0.4406710234375 0.6426581578125 0.5644545328125 0.6252615203125 0.5422403640625 0.4671995015625 0.41845685625 0.4845961390625 0.4406710234375 0.6426581578125
0 0.5847557890624999 0.8871644390625001 0.6854489125 0.87301294375 0.6684537359375 0.752085978125 0.5677606125 0.7662374734374999 0.5847557890624999 0.8871644390625001
0 0.5626866578125 0.954674928125 0.6864701671875 0.937278290625 0.675006228125 0.8557081312499999 0.5512227203125 0.87310476875 0.5626866578125 0.954674928125
0 0.593814653125 0.366089028125 0.725215609375 0.347621828125 0.709157175 0.2333601296875 0.57775621875 0.2518273296875 0.593814653125 0.366089028125
0 0.5318534515625 0.49519962656249994 0.6165975453125 0.483289621875 0.609683496875 0.4340936109375 0.524939403125 0.44600361718750003 0.5318534515625 0.49519962656249994
0 0.6613072 0.635600803125 0.732244671875 0.6256311921875 0.719754778125 0.5367609812499999 0.64881730625 0.5467305921875 0.6613072 0.635600803125
0 0.6443669390625 0.5703361 0.6862628953125001 0.5644480078125 0.6799287359374999 0.519378115625 0.638032778125 0.5252662078125 0.6443669390625 0.5703361
0 0.4834604359375 0 0.323649959375 0.022459896875 0.337745696875 0.122756278125 0.6179249078125 0.0833796578125 0.6062066609375 0 0.4834604359375 0
0 0.57094345625 0.41752910625000006 0.58522616875 0.41552180156249996 0.5814792015625 0.38886073906249996 0.5671964875 0.39086804375 0.57094345625 0.41752910625000006
0 0.6442435328125 0.9839943546875001 0.6985178390625 0.9763665984375001 0.687812215625 0.9001921312500001 0.633537909375 0.9078198875 0.6442435328125 0.9839943546875001