0 0.428732615625 0.648714784375 0.1968879140625 0.590909409375 0.1529232625 0.7672419984375 0.3847679625 0.8250473749999999 0.428732615625 0.648714784375
0 0.501370609375 0.8233994656249999 0.4169362203125 0.8023476078125 0.390417859375 0.908706946875 0.474852246875 0.9297588046874999 0.501370609375 0.8233994656249999
0 0.47420895625000004 0.6501435640625 0.44575316875000004 0.6430487390625 0.43652601874999997 0.6800568140625 0.4649818078125 0.6871516390625 0.47420895625000004 0.6501435640625
0 0.49734047343750004 0.4739018890625 0.437396725 0.458956234375 0.40684633124999997 0.5814871687500001 0.46679008125 0.596432825 0.49734047343750004 0.4739018890625
0 0.4837483640625 0.36943358125 0.3608286890625 0.3387862640625 0.3342327875 0.445456596875 0.4571524625 0.47610391406249997 0.4837483640625 0.36943358125
0 0.1646061765625 0.434214471875 0.10839433125 0.42019928437500004 0.0746648359375 0.5554808999999999 0.13087668125000002 0.5694960859375 0.1646061765625 0.434214471875
0 0.9773095359375 0.2728261578125 0.6342073703125 0.1872811796875 0.5539544328125 0.5091581265625 0.8970566 0.5947031046875 0.9773095359375 0.2728261578125
0 0.566646609375 0.1740699640625 0.5085688125 0.15958954218750002 0.479414121875 0.27652261718750004 0.53749191875 0.2910030375 0.566646609375 0.1740699640625
0 0.671772015625 0.0932554109375 0.6283886015625 0.0824387109375 0.6137337171875 0.141216240625 0.6571171328125 0.152032940625 0.671772015625 0.0932554109375
0 0.2841377515625 0.392997190625 0.2524165453125 0.38508820625 0.246911271875 0.4071686546875 0.27863247812499997 0.41507763906250006 0.2841377515625 0.392997190625
0 0.644915471875 0.6481116203124999 0.58986985 0.63438720625 0.5735866453125 0.699695571875 0.62863226875 0.7134199875 0.644915471875 0.6481116203124999
0 0.571077809375 0.6660375593750001 0.5505523218749999 0.66091998125 0.5436513453125 0.6885982875 0.5641768328125 0.6937158671875 0.571077809375 0.6660375593750001
0 0.42734235 0.5400215921875 0.38022702812500003 0.5282744234375001 0.36944909843749996 0.5715023421875001 0.41656441875 0.5832495109375 0.42734235 0.5400215921875
0 0.6089133328125 0.2628952390625 0.513283225 0.23905197500000003 0.4576877125 0.462033396875 0.5533178203125 0.48587666093750004 0.6089133328125 0.2628952390625
0 0.05850014218750001 0.4394704546875 0.039607365625 0.43475995625 0.0331716234375 0.4605723109375 0.0520644 0.465282809375 0.05850014218750001 0.4394704546875
0 0.2252722296875 0.4850153046875 0.20497998750000002 0.4799558796875 0.19559775937499999 0.5175859390625 0.2158900015625 0.5226453625 0.2252722296875 0.4850153046875
0 0.2533666546875 0.535292590625 0.20928350624999997 0.524301428125 0.19726495156249998 0.572505221875 0.2413480984375 0.583496384375 0.2533666546875 0.535292590625
0 0.27042608125 0.5910766640625 0.2473349078125 0.5853193890624999 0.232292328125 0.6456518796874999 0.2553835015625 0.65140915625 0.27042608125 0.5910766640625
0 0.7258932796875001 1 0.7354428296875 0.9616988453124999 0.7044213546875 0.9539643234374999 0.6929433703125001 1 0.7258932796875001 1