0 0.358958328125 0.0607512140625 0.126178009375 0.11023019687499999 0.1736911625 0.33376200625 0.4064714796875 0.284283021875 0.358958328125 0.0607512140625
0 0.5245304703125 0.1032163328125 0.44411545312499995 0.12030907187499999 0.4931612875 0.351051584375 0.57357630625 0.33395884374999996 0.5245304703125 0.1032163328125
0 0.5249533890625 0.31447569531249997 0.4443032390625 0.3316184140625 0.4817539984375 0.5078103859375 0.5624041484375 0.4906676671875 0.5249533890625 0.31447569531249997
0 0.6945387296875001 0.6509937234375001 0.5976644953125 0.6715849781250001 0.63324938125 0.8389987031249999 0.7301236156249999 0.8184074484374999 0.6945387296875001 0.6509937234375001
0 0.59047074375 0.6967065328125 0.5380363890625001 0.7078517984375 0.5722218703124999 0.8686818359374999 0.6246562234375 0.8575365703125 0.59047074375 0.6967065328125
0 0.37995884687500003 0.47865825781250004 0.30988961875 0.49355193281250004 0.33267993906250004 0.6007719578125 0.40274916562499996 0.5858782828125 0.37995884687500003 0.47865825781250004
0 0.6486777046875 0.17971742968749999 0.6070594046875 0.188563671875 0.6188543953125001 0.2440547390625 0.6604726953125 0.2352084953125 0.6486777046875 0.17971742968749999
0 0.764486346875 0.34416901875 0.725924759375 0.3523655375 0.736586896875 0.4025269515625 0.7751484843750001 0.3943304328125 0.764486346875 0.34416901875
0 0.846132740625 0.4149586515625 0.5968932078125 0.4679361484375 0.647804915625 0.7074569078125 0.8970444484375 0.654479409375 0.846132740625 0.4149586515625
0 0 0.1901332296875 0.0697257765625 0.175312559375 0.0615292578125 0.13675097187500002 0 0.14982941875 0 0.1901332296875
0 0.001493271875 0.094790578125 0.0088234921875 0.129276553125 0.0360987609375 0.12347901562500001 0.028768542187500003 0.08899304062499999 0.001493271875 0.094790578125
0 0.060453504687500006 0.462359184375 0.044229421875 0.4658077203125 0.046894956249999994 0.47834807343749997 0.06311903906250001 0.4748995390625 0.060453504687500006 0.462359184375
0 0.446705871875 0.48282044218750003 0.362528746875 0.5007128421875 0.3814540421875 0.5897493546875 0.4656311671875 0.5718569546875 0.446705871875 0.48282044218750003