0 0.6189394359375 0.4432497640625 0.5486723640625 0.42702733125 0.5159391015625 0.5688106703125 0.5862061734374999 0.5850331015625 0.6189394359375 0.4432497640625
0 0.6591053312499999 0.77686120625 0.5665870187500001 0.7555016703125 0.5265716874999999 0.928827115625 0.61909 0.95018665 0.6591053312499999 0.77686120625
0 0.6133066640625 0.7551036671875 0.5652908328125 0.7440183390625 0.5583692625000001 0.77399895625 0.6063850937499999 0.785084284375 0.6133066640625 0.7551036671875
0 0.34495645 0.3316410953125 0.229952675 0.30509038125 0.194335425 0.4593656421875 0.3093391984375 0.48591635625 0.34495645 0.3316410953125
0 0.3919385328125 0.41452641718749994 0.2755294171875 0.3876512546875 0.25209701562500003 0.48914813749999997 0.36850613125 0.5160233 0.3919385328125 0.41452641718749994
0 0.2575789109375 0.0571949796875 0.21377910312499998 0.047082996875 0.2036851453125 0.0908047296875 0.24748495468749998 0.1009167125 0.2575789109375 0.0571949796875
0 0 0.780614028125 0.0061113953125 0.7820249546875 0.0199545375 0.7220637203125 0 0.7174568531250001 0 0.780614028125
0 0.53585341875 0.9003782156250001 0.47378417187500005 0.8860484 0.45568714843749997 0.9644352218750001 0.5177563953125001 0.9787650375 0.53585341875 0.9003782156250001
0 0.812314465625 0.525722425 0.79568459375 0.521883115625 0.789051421875 0.550614540625 0.80568129375 0.55445385 0.812314465625 0.525722425
0 0.3286968078125 0.6061735671874999 0.296608178125 0.5987653234375 0.2859374234375 0.6449854421875 0.318026053125 0.6523936859374999 0.3286968078125 0.6061735671874999
0 0.9804031500000001 0.306308009375 0.9569807921875 0.3009005328125 0.95063601875 0.328382765625 0.9740583765625 0.3337902421875 0.9804031500000001 0.306308009375
0 0.44413543593749993 0.7986122609375 0.417199725 0.7923936625 0.4073220671875 0.8351785015625 0.434257778125 0.8413971 0.44413543593749993 0.7986122609375
0 0.57705850625 0.3372003078125 0.552933478125 0.33163060624999996 0.5180372234374999 0.48278288593749996 0.542162253125 0.4883525875 0.57705850625 0.3372003078125
0 0.473214915625 0.424738015625 0.4514321234375 0.41970906093749993 0.44386165625 0.4525003609375 0.4656444484375 0.45752931406249997 0.473214915625 0.424738015625