0 0.5927884609375 0.10384615312500001 0.39423076875 0.10384615312500001 0.39423076875 0.2330128203125 0.5927884609375 0.2330128203125 0.5927884609375 0.10384615312500001
0 0.7730769234375 0.2894230765625 0.6512019234374999 0.2894230765625 0.6512019234374999 0.4480769234375 0.7730769234375 0.4480769234375 0.7730769234375 0.2894230765625
0 0.534615384375 0.36185897499999997 0.4581730765625 0.36185897499999997 0.4581730765625 0.472115384375 0.534615384375 0.472115384375 0.534615384375 0.36185897499999997
0 0.377403846875 0.402564103125 0.2771634609375 0.402564103125 0.2771634609375 0.5330128203125 0.377403846875 0.5330128203125 0.377403846875 0.402564103125
0 0.3826923078125 0.465384615625 0.20288461562500001 0.465384615625 0.20288461562500001 0.7108974359375 0.3826923078125 0.7108974359375 0.3826923078125 0.465384615625
0 0.5990384609375 0.7445512828124999 0.474759615625 0.7445512828124999 0.474759615625 0.8820512828125 0.5990384609375 0.8820512828125 0.5990384609375 0.7445512828124999
0 0.612259615625 0.6365384609375 0.5269230765625 0.6365384609375 0.5269230765625 0.703846153125 0.612259615625 0.703846153125 0.612259615625 0.6365384609375
0 0.1581730765625 0.216346153125 0.12644230781250002 0.216346153125 0.12644230781250002 0.2871794875 0.1581730765625 0.2871794875 0.1581730765625 0.216346153125
0 0.2673076921875 0.15480769218749998 0.21730769218749998 0.15480769218749998 0.21730769218749998 0.23910256406250002 0.2673076921875 0.23910256406250002 0.2673076921875 0.15480769218749998
0 0.31201923125 0.0003205125 0.25 0.0003205125 0.25 0.053205128125 0.31201923125 0.053205128125 0.31201923125 0.0003205125
0 0.46850961562500004 0.0009615390624999999 0.42259615312500004 0.0009615390624999999 0.42259615312500004 0.052564103125 0.46850961562500004 0.052564103125 0.46850961562500004 0.0009615390624999999
0 0.32451923125 0.3205128203125 0.302403846875 0.3205128203125 0.302403846875 0.3496794875 0.32451923125 0.3496794875 0.32451923125 0.3205128203125