0 0.41194487031250004 0.4618683 0.2156202140625 0.4618683 0.2156202140625 0.640428790625 0.41194487031250004 0.640428790625 0.41194487031250004 0.4618683
0 0.5947932625 0.5228177640625 0.4189892796875 0.5228177640625 0.4189892796875 0.6689127109374999 0.5947932625 0.6689127109374999 0.5947932625 0.5228177640625
0 0.868300153125 0.558039815625 0.66646248125 0.558039815625 0.66646248125 0.7280245015625 0.868300153125 0.7280245015625 0.868300153125 0.558039815625
0 0.1684532921875 0.4196018375 0.09617151562500001 0.4196018375 0.09617151562500001 0.565696784375 0.1684532921875 0.565696784375 0.1684532921875 0.4196018375
0 0.04379785625 0.5405819296875001 0.000306278125 0.5405819296875001 0.000306278125 0.5696784078125 0.04379785625 0.5696784078125 0.04379785625 0.5405819296875001
0 0.21592649375 0.5990811640625 0.1491577328125 0.5990811640625 0.1491577328125 0.6333843796874999 0.21592649375 0.6333843796874999 0.21592649375 0.5990811640625
0 0.16079632500000002 0.5724349156249999 0.10566615625 0.5724349156249999 0.10566615625 0.606125575 0.16079632500000002 0.606125575 0.16079632500000002 0.5724349156249999
0 0.209494640625 0.5402756515625 0.1387442578125 0.5402756515625 0.1387442578125 0.58192955625 0.209494640625 0.58192955625 0.209494640625 0.5402756515625
0 0.2186830015625 0.558958653125 0.20030627812500001 0.558958653125 0.20030627812500001 0.5846860640625 0.2186830015625 0.5846860640625 0.2186830015625 0.558958653125
0 0.1797856046875 0.61807044375 0.1326186828125 0.61807044375 0.1326186828125 0.6508422671874999 0.1797856046875 0.6508422671874999 0.1797856046875 0.61807044375
0 0.619908115625 0.23767228125 0.4330781015625 0.23767228125 0.4330781015625 0.5583460953125 0.619908115625 0.5583460953125 0.619908115625 0.23767228125
0 0.626033690625 0.5470137828125 0.5914241953125 0.5470137828125 0.5914241953125 0.6287901984375 0.626033690625 0.6287901984375 0.626033690625 0.5470137828125