0 0.33933162031249997 0.41079691562500004 0.1748071984375 0.41079691562500004 0.1748071984375 0.572236503125 0.33933162031249997 0.572236503125 0.33933162031249997 0.41079691562500004
0 0.457583546875 0.6812339328125 0.361953728125 0.6812339328125 0.361953728125 0.7347043703125 0.457583546875 0.7347043703125 0.457583546875 0.6812339328125
0 0.37326478125 0.1691516703125 0.263239075 0.1691516703125 0.263239075 0.291516709375 0.37326478125 0.291516709375 0.37326478125 0.1691516703125
0 0.49871465312499996 0.3347043703125 0.44627249375 0.3347043703125 0.44627249375 0.362467865625 0.49871465312499996 0.362467865625 0.49871465312499996 0.3347043703125
0 0.3773778921875 0.017994859375 0.27557840625 0.017994859375 0.27557840625 0.10951156875000001 0.3773778921875 0.10951156875000001 0.3773778921875 0.017994859375
0 0.2313624671875 0.720822621875 0.1249357328125 0.720822621875 0.1249357328125 0.776863753125 0.2313624671875 0.776863753125 0.2313624671875 0.720822621875
0 0.29614395937500004 0.649871465625 0.20051413906249999 0.649871465625 0.20051413906249999 0.764524421875 0.29614395937500004 0.764524421875 0.29614395937500004 0.649871465625
0 0.2143958875 0.5105398453125 0.123393315625 0.5105398453125 0.123393315625 0.5773778921875 0.2143958875 0.5773778921875 0.2143958875 0.5105398453125
0 0.418508996875 0.403598971875 0.29562982031249996 0.403598971875 0.29562982031249996 0.542416453125 0.418508996875 0.542416453125 0.418508996875 0.403598971875
0 0.1007712078125 0.30488431875 0.062210796874999995 0.30488431875 0.062210796874999995 0.447300771875 0.1007712078125 0.447300771875 0.1007712078125 0.30488431875
0 0.1614395890625 0.2699228796875 0.08997429375 0.2699228796875 0.08997429375 0.3151670953125 0.1614395890625 0.3151670953125 0.1614395890625 0.2699228796875
0 0.279177378125 0.2200514140625 0.17069408749999998 0.2200514140625 0.17069408749999998 0.33419023124999997 0.279177378125 0.33419023124999997 0.279177378125 0.2200514140625
0 0.25141388125 0.1285347046875 0.22724935781250002 0.1285347046875 0.22724935781250002 0.2082262203125 0.25141388125 0.2082262203125 0.25141388125 0.1285347046875
0 0.632904884375 0.0334190234375 0.5706940875 0.0334190234375 0.5706940875 0.0714652953125 0.632904884375 0.0714652953125 0.632904884375 0.0334190234375
0 0.8411311046875 0.8359897171874999 0.8102827765624999 0.8359897171874999 0.8102827765624999 0.86118251875 0.8411311046875 0.86118251875 0.8411311046875 0.8359897171874999