0 0.7537202375 0.8616414578124999 0.610119046875 0.8616414578124999 0.610119046875 0.9878502359375 0.7537202375 0.9878502359375 0.7537202375 0.8616414578124999
0 0.346726190625 0.8827175796875 0.23933531718749998 0.8827175796875 0.23933531718749998 0.96850979375 0.346726190625 0.96850979375 0.346726190625 0.8827175796875
0 0.38715277812500004 0.93801140625 0.32366071406249997 0.93801140625 0.32366071406249997 0.9776841062500001 0.38715277812500004 0.9776841062500001 0.38715277812500004 0.93801140625
0 0.99950396875 0.8028762703125001 0.9761904765624999 0.8028762703125001 0.9761904765624999 0.8363501109374999 0.99950396875 0.8363501109374999 0.99950396875 0.8028762703125001
0 0.997271825 0.7019588390625 0.946924603125 0.7019588390625 0.946924603125 0.734936771875 0.997271825 0.734936771875 0.997271825 0.7019588390625
0 0.987351190625 0.6746838578125 0.9598214281249999 0.6746838578125 0.9598214281249999 0.7019588390625 0.987351190625 0.7019588390625 0.987351190625 0.6746838578125
0 0.8705357140625001 0.692784528125 0.834325396875 0.692784528125 0.834325396875 0.7136126953125 0.8705357140625001 0.7136126953125 0.8705357140625001 0.692784528125
0 0.83407738125 0.68311430625 0.8023313484375001 0.68311430625 0.8023313484375001 0.708405653125 0.83407738125 0.708405653125 0.83407738125 0.68311430625
0 0.653521825 0.5782296062500001 0.5977182546875001 0.5782296062500001 0.5977182546875001 0.63352343125 0.653521825 0.63352343125 0.653521825 0.5782296062500001
0 0.813244046875 0.6144309453125001 0.68154761875 0.6144309453125001 0.68154761875 0.7098933796875 0.813244046875 0.7098933796875 0.813244046875 0.6144309453125001
0 0.7879464281249999 0.587651871875 0.722222221875 0.587651871875 0.722222221875 0.629060253125 0.7879464281249999 0.629060253125 0.7879464281249999 0.587651871875
0 0.8077876984374999 0.609223903125 0.7867063484375 0.609223903125 0.7867063484375 0.6221175296875 0.8077876984374999 0.6221175296875 0.8077876984374999 0.609223903125
0 0.833829365625 0.6119514015624999 0.8015873015625001 0.6119514015624999 0.8015873015625001 0.641457971875 0.833829365625 0.641457971875 0.833829365625 0.6119514015624999
0 0.888144840625 0.624845028125 0.8546626984374999 0.624845028125 0.8546626984374999 0.6357550203125 0.888144840625 0.6357550203125 0.888144840625 0.624845028125
0 0.868799603125 0.595090503125 0.8365575390625001 0.595090503125 0.8365575390625001 0.619885940625 0.868799603125 0.619885940625 0.868799603125 0.595090503125
0 0.8836805562500001 0.59310686875 0.8797123015625001 0.59310686875 0.8797123015625001 0.604264815625 0.8836805562500001 0.604264815625 0.8836805562500001 0.59310686875
0 0.9102182546875 0.6022811796875 0.8960813484375001 0.6022811796875 0.8960813484375001 0.6146788984375 0.9102182546875 0.6146788984375 0.9102182546875 0.6022811796875
0 0.9761904765624999 0.5569055296875 0.9476686515624999 0.5569055296875 0.9476686515624999 0.573518471875 0.9761904765624999 0.573518471875 0.9761904765624999 0.5569055296875
0 0.8854166671874999 0.5001239765625 0.8603670640625 0.5001239765625 0.8603670640625 0.5162410109375 0.8854166671874999 0.5162410109375 0.8854166671874999 0.5001239765625
0 0.8291170640625 0.5663277953125 0.8082837296875001 0.5663277953125 0.8082837296875001 0.5814530125 0.8291170640625 0.5814530125 0.8291170640625 0.5663277953125
0 0.8794642859374999 0.6005455000000001 0.8645833328125001 0.6005455000000001 0.8645833328125001 0.607488221875 0.8794642859374999 0.607488221875 0.8794642859374999 0.6005455000000001
0 0.8350694437499999 0.5340937265625 0.8085317453125 0.5340937265625 0.8085317453125 0.5655839328125001 0.8350694437499999 0.5655839328125001 0.8350694437499999 0.5340937265625
0 0.5458829359374999 0.54103645 0.5295138890625 0.54103645 0.5295138890625 0.5569055296875 0.5458829359374999 0.5569055296875 0.5458829359374999 0.54103645
0 0.4987599203125 0.5655839328125001 0.48387896875 0.5655839328125001 0.48387896875 0.5742623359375 0.4987599203125 0.5742623359375 0.4987599203125 0.5655839328125001
0 0.9481646828124999 0.5452516734375 0.8370535718750001 0.5452516734375 0.8370535718750001 0.59385073125 0.9481646828124999 0.59385073125 0.9481646828124999 0.5452516734375
0 0.5533234125 0.449045375 0.5332341265625 0.449045375 0.5332341265625 0.458715596875 0.5533234125 0.458715596875 0.5533234125 0.449045375
0 0.1391369046875 0.9432184484375 0.07018849218749999 0.9432184484375 0.07018849218749999 0.97346888125 0.1391369046875 0.97346888125 0.1391369046875 0.9432184484375
0 0.25892857187499996 0.8963550703125 0.209325396875 0.8963550703125 0.209325396875 0.9476816265625001 0.25892857187499996 0.9476816265625001 0.25892857187499996 0.8963550703125
0 0.516369046875 0.758988346875 0.45262896875 0.758988346875 0.45262896875 0.828415571875 0.516369046875 0.828415571875 0.516369046875 0.758988346875
0 0.5478670640625001 0.8227126203124999 0.5205853171875 0.8227126203124999 0.5205853171875 0.8405653359375 0.5478670640625001 0.8405653359375 0.5478670640625001 0.8227126203124999