0 0.6324323953125 0.7195916718750001 0.42669631875 0.7595827140625 0.44896262499999995 0.8741329265625 0.6546987015625 0.834141884375 0.6324323953125 0.7195916718750001
0 0.8268421578125 0.9037309359375 0.796338703125 0.9096602078125 0.8040972171874999 0.9495743046875 0.8346006734375001 0.943645034375 0.8268421578125 0.9037309359375
0 0.8717591 0.89398966875 0.8260039156250001 0.9028835765625001 0.8319962640625 0.9337115375 0.8777514484375001 0.92481763125 0.8717591 0.89398966875
0 0.2607420625 0.74435696875 0.22374850937500002 0.7515477875000001 0.2330839578125 0.7995745046875 0.2700775109375 0.7923836859375 0.2607420625 0.74435696875
0 0.19421706875 0.781535259375 0.104653728125 0.798944609375 0.1071137453125 0.8116002968749999 0.1966770859375 0.7941909468749999 0.19421706875 0.781535259375
0 0.20061286093750003 0.7018256 0.1830895984375 0.7052317765625 0.1897127203125 0.7393047875 0.20723598281250002 0.735898609375 0.20061286093750003 0.7018256
0 0.11018167812499999 0.7598155421875 0.07286361875 0.7670694375 0.074629784375 0.7761555734375001 0.11194784375 0.768901678125 0.11018167812499999 0.7598155421875
0 0.248631959375 0.6699283203124999 0.22104904687500002 0.6752898953125 0.2238244515625 0.689568109375 0.25140736406249997 0.684206534375 0.248631959375 0.6699283203124999
0 0.337714909375 0.5495619984375 0.302992890625 0.556311275 0.3047590578125 0.5653974109375 0.339481075 0.558648134375 0.337714909375 0.5495619984375
0 0.2256229609375 0.32113344062500004 0.2006360875 0.32599039687500003 0.20353764531250002 0.34091761875 0.2285245203125 0.3360606625 0.2256229609375 0.32113344062500004
0 0.1517452703125 0.3152878578125 0.0771091546875 0.32979564843750003 0.0822814984375 0.3564050484375 0.1569176140625 0.34189725625 0.1517452703125 0.3152878578125
0 0.17774138281250002 0.315622978125 0.1485359453125 0.321299940625 0.15049134375 0.3313595921875 0.1796967796875 0.3256826296875 0.17774138281250002 0.315622978125
0 0.2133297484375 0.292540540625 0.1782832234375 0.2993528953125 0.1815632453125 0.31622714687500003 0.2166097703125 0.30941479375 0.2133297484375 0.292540540625
0 0.389345153125 0.2815634546875 0.342616453125 0.29064659375 0.3458333984375 0.3071963421875 0.3925620984375 0.298113203125 0.389345153125 0.2815634546875
0 0.390833153125 0.27016094375 0.3768794453125 0.27287327031249997 0.378456378125 0.28098589218750003 0.3924100875 0.278273565625 0.390833153125 0.27016094375
0 0.4179479203125 0.2554609234375 0.3994511421875 0.2590563328125 0.4011542296875 0.26781796406249997 0.4196510078125 0.2642225546875 0.4179479203125 0.2554609234375
0 0.5318400046875 0.2350063734375 0.48251526718750004 0.24459413125 0.486489140625 0.2650379375 0.535813878125 0.2554501796875 0.5318400046875 0.2350063734375
0 0.5416572125 0.21794363906249997 0.48973643593749994 0.228036015625 0.4937733875 0.2488043265625 0.5456941640624999 0.23871194999999998 0.5416572125 0.21794363906249997
0 0.5852662703125 0.22226400000000002 0.538862075 0.23128406250000003 0.5424574843750001 0.24978083906249998 0.5888616796874999 0.2407607765625 0.5852662703125 0.22226400000000002
0 0.5953982421874999 0.3627464984375 0.5535371171875 0.370883478125 0.5553032828125 0.3799696140625 0.5971644078125 0.37183263437499997 0.5953982421874999 0.3627464984375
0 0.51405631875 0.5142744046875001 0.46895014531249996 0.5230421562500001 0.4711578515625 0.534399825 0.5162640265625 0.5256320734375 0.51405631875 0.5142744046875001
0 0.391046375 0.7580932140625001 0.3673575203125 0.7626978609374999 0.3701960015625 0.7773005796875 0.39388485625 0.7726959328125 0.391046375 0.7580932140625001
0 0.3765949171875 0.7928950484375 0.3438199265625 0.7992658625 0.3502538171875 0.8323653562500001 0.38302880781250004 0.82599454375 0.3765949171875 0.7928950484375