0 0.5801282046875 0.2046703296875 0.316391940625 0.2046703296875 0.316391940625 0.47206959687500005 0.5801282046875 0.47206959687500005 0.5801282046875 0.2046703296875
0 0.9990842484375 0.7728937734375 0.9748168500000001 0.7728937734375 0.9748168500000001 0.8200549453124999 0.9990842484375 0.8200549453124999 0.9990842484375 0.7728937734375
0 0.13186813125000002 0.5041208796875 0.065018315625 0.5041208796875 0.065018315625 0.566391940625 0.13186813125000002 0.566391940625 0.13186813125000002 0.5041208796875
0 0.10714285781249999 0.2330586078125 0.00045787500000000006 0.2330586078125 0.00045787500000000006 0.384157509375 0.10714285781249999 0.384157509375 0.10714285781249999 0.2330586078125
0 0.350274725 0.08104395625000001 0.29945055 0.08104395625000001 0.29945055 0.11446886406250001 0.350274725 0.11446886406250001 0.350274725 0.08104395625000001
0 0.215201465625 0.040750915625 0.1648351640625 0.040750915625 0.1648351640625 0.066391940625 0.215201465625 0.066391940625 0.215201465625 0.040750915625
0 0.7074175828125 0.9514652015625 0.627747253125 0.9514652015625 0.627747253125 0.9986263734374999 0.7074175828125 0.9986263734374999 0.7074175828125 0.9514652015625
0 0.5315934062500001 0.6387362640625 0.21611721562500003 0.6387362640625 0.21611721562500003 0.7179487171875001 0.5315934062500001 0.7179487171875001 0.5315934062500001 0.6387362640625
0 0.2174908421875 0.5879120875 0.13369963437500001 0.5879120875 0.13369963437500001 0.8740842484375 0.2174908421875 0.8740842484375 0.2174908421875 0.5879120875
0 0.4771062265625 0.7142857140625 0.2046703296875 0.7142857140625 0.2046703296875 0.9258241765624999 0.4771062265625 0.9258241765624999 0.4771062265625 0.7142857140625
0 0.37087912031250003 0.36767399218749997 0.18177655625 0.36767399218749997 0.18177655625 0.6199633703125 0.37087912031250003 0.6199633703125 0.37087912031250003 0.36767399218749997
0 0.36492674062499997 0.31410256406250003 0.21657509218749998 0.31410256406250003 0.21657509218749998 0.3617216125 0.36492674062499997 0.3617216125 0.36492674062499997 0.31410256406250003