0 0.6424119703125 0.55019200625 0.42306251406250006 0.5232592796875 0.401117075 0.7019905375 0.6204665312500001 0.7289232640625001 0.6424119703125 0.55019200625
0 0.3405747890625 0.5682581812499999 0.16460868125 0.546652259375 0.148385975 0.6787755921875 0.3243520828125 0.7003815140625 0.3405747890625 0.5682581812499999
0 0.5229281968749999 0.38700713750000004 0.32425678593749996 0.36261335625 0.30106727499999997 0.551476771875 0.49973868593750004 0.575870553125 0.5229281968749999 0.38700713750000004
0 0 0.6041947765625 0.12074008437499999 0.6190197953125 0.142386946875 0.4427202546875 0.0057496703125 0.42594330625000004 0 0.4727706140625 0 0.6041947765625
0 0.0312706890625 0.214739359375 0.1468244703125 0.22892757968750002 0.16493816562500002 0.08140336718749999 0.049384385937500004 0.06721514687499999 0.0312706890625 0.214739359375
0 0 0.94112844375 0.247030434375 0.9714599671874999 0.264895315625 0.825962184375 0.0017570609375000001 0.7936528703125 0 0.8079629828125 0 0.94112844375
0 0.3252845578125 0.7095467296875 0.2024326453125 0.6944624109374999 0.18839950781249998 0.8087531484375001 0.31125142031249997 0.8238374671875001 0.3252845578125 0.7095467296875
0 0.444327246875 0.175771909375 0.33201708281250003 0.1619819546875 0.315197221875 0.298968725 0.42750738593750004 0.31275867968750004 0.444327246875 0.175771909375
0 0.63945118125 1 0.6448879 0.9557214828125 0.5767719875 0.9473579000000001 0.57030835 1 0.63945118125 1
0 0.608696446875 0.858302140625 0.530849690625 0.8487437609375 0.522937390625 0.913184284375 0.6007841468749999 0.9227426640624999 0.608696446875 0.858302140625
0 0.0588720625 0 0.0498542984375 0.073443790625 0.10175213593750002 0.07981604375 0.11155231406249999 0 0.0588720625 0
0 0.3293313265625 0.50228841875 0.21499390312500002 0.4882495484375 0.20593705468749998 0.5620116562499999 0.320274478125 0.5760505265625 0.3293313265625 0.50228841875
0 0.218661659375 0.45167421562500004 0.0970261015625 0.43673924687500004 0.08219675625 0.557514565625 0.203832315625 0.572449534375 0.218661659375 0.45167421562500004
0 0.184088021875 0.3980615375 0.1382719609375 0.3924360328125 0.131902309375 0.444312678125 0.17771837031249998 0.449938184375 0.184088021875 0.3980615375
0 0 0.6696068078125 0.051604553124999994 0.67594305 0.0589694625 0.615960678125 0.0018007499999999998 0.6089412421875 0 0.6236071734374999 0 0.6696068078125
0 0.6998612078125 0.5012959734375 0.627285325 0.492384775 0.6180791890624999 0.5673627406249999 0.690655071875 0.5762739375 0.6998612078125 0.5012959734375
0 0.6086215203124999 0.5069604015625 0.5129348796875 0.49521155937500005 0.5070628578124999 0.5430353421875 0.6027494984375 0.554784184375 0.6086215203124999 0.5069604015625