0 0.366137478125 0.30826991875 0.28044851406250004 0.3264836703125 0.29673779375 0.40311870625 0.3824267578125 0.38490495468749997 0.366137478125 0.30826991875
0 0.586584096875 0.25465326875 0.5005717781250001 0.2729357515625 0.517892025 0.3544211046875 0.6039043421875 0.336138621875 0.586584096875 0.25465326875
0 0.5603040375 0.49512413125 0.52893864375 0.5017910515625 0.53299378125 0.5208689703125 0.564359175 0.51420205 0.5603040375 0.49512413125
0 0.517658653125 0.5234526265625 0.49567054062500004 0.52812634375 0.4975950125 0.537180271875 0.519583125 0.5325065546875 0.517658653125 0.5234526265625
0 0.3501810265625 0.630699428125 0.323342596875 0.6364041125 0.32877235625 0.6619491234375 0.35561078749999997 0.6562444390625 0.3501810265625 0.630699428125
0 0.36297602812499996 0.6702252453125 0.33322740624999997 0.676548509375 0.3368014265625 0.693362946875 0.366550046875 0.6870396828125 0.36297602812499996 0.6702252453125
0 0.15439838749999998 0.681101371875 0.1113922296875 0.6902426125 0.11448512968749999 0.70479356875 0.1574912890625 0.6956523265625 0.15439838749999998 0.681101371875
0 0.068754928125 0.64387938125 0.047090171874999996 0.6484843671875 0.0521762765625 0.6724126078125 0.0738410328125 0.667807621875 0.068754928125 0.64387938125
0 0.29152988125 0.36907744375 0.26760164375 0.37416354687500003 0.2704883515625 0.387744440625 0.294416590625 0.3826583359375 0.29152988125 0.36907744375
0 0.72579508125 0.276771525 0.7076872265625 0.28062046875 0.7130482546875 0.3058421265625 0.7311561109375 0.301993184375 0.72579508125 0.276771525
0 0.7555309734375 0.3339881671875 0.7367764078125 0.33797457343750004 0.7394569234375 0.35058540312500003 0.7582114875 0.346598996875 0.7555309734375 0.3339881671875
0 0.7462109734375 0.0500517921875 0.718402478125 0.0559626703125 0.7276811828125 0.09961553906250001 0.7554896765625 0.09370466093749999 0.7462109734375 0.0500517921875
0 0.5023893312500001 0.47228604374999994 0.494952175 0.473866859375 0.49866365625000003 0.49132800625 0.5061008124999999 0.489747190625 0.5023893312500001 0.47228604374999994
0 0.5218593359375 0.4684855296875 0.5128054078125001 0.4704100015625 0.515623384375 0.48366753906250004 0.5246773124999999 0.4817430671875 0.5218593359375 0.4684855296875
0 0.521246609375 0.5737225203125 0.5057255890625 0.577021615625 0.5076500609375 0.58607554375 0.52317108125 0.5827764484375 0.521246609375 0.5737225203125
0 0.8063751531250001 0.48574150781250003 0.779860078125 0.4913774609375 0.78157835625 0.49946132656250003 0.80809343125 0.49382537343750005 0.8063751531250001 0.48574150781250003
0 0.3457186609375 0.48091606249999996 0.3334311859375 0.48352784687500006 0.33604296875 0.4958153203125 0.34833044375 0.4932035359375 0.3457186609375 0.48091606249999996