0 0.6097263500000001 0.25879847968749997 0.2911074171875 0.1793578578125 0.189746621875 0.5858937984375 0.50836555625 0.6653344203125 0.6097263500000001 0.25879847968749997
0 0.7200538609375 0.7143653171875 0.6750525453125 0.7031452296875 0.6608124328125 0.7602591984375 0.7058137484375 0.7714792859374999 0.7200538609375 0.7143653171875
0 0.6704459359375 0.6478076625 0.61389348125 0.6337075515625 0.598373359375 0.695955359375 0.6549258140625 0.7100554703124999 0.6704459359375 0.6478076625
0 0.613713428125 0.6026488234375 0.5655836796875 0.5906487296875 0.54982355625 0.6538591328125001 0.5979533046875 0.6658592265625 0.613713428125 0.6026488234375
0 0.6175914125 0.520457734375 0.5694616640625 0.508457640625 0.5539415421875 0.57070545 0.602071290625 0.58270554375 0.6175914125 0.520457734375
0 0.67206514375 0.5449455265625 0.626101234375 0.5334854359375 0.61138111875 0.5925245953125 0.6573450296875001 0.6039846843750001 0.67206514375 0.5449455265625
0 0.6781070265625 0.46022665781249994 0.6321431171875 0.44876656718749997 0.617183 0.5087683203125 0.663146909375 0.520228409375 0.6781070265625 0.46022665781249994
0 0.7253017859375 0.388835653125 0.6750061984375 0.37629555625 0.659246075 0.43950595937500003 0.7095416625000001 0.4520460578125 0.7253017859375 0.388835653125
0 0.7818865828125 0.4540655359375 0.7270186703125 0.4403854296875 0.712058553125 0.50038718125 0.766926465625 0.5140672890625 0.7818865828125 0.4540655359375
0 0.799037975 0.561607709375 0.7371912484375 0.5461875875 0.7219111296875 0.6074728 0.78375785625 0.6228929203125 0.799037975 0.561607709375
0 0.730303434375 0.5615108328125 0.6790452515625 0.5487307328125001 0.6640851343749999 0.608732484375 0.7153433171875 0.621512584375 0.730303434375 0.5615108328125
0 0.7424579171875 0.6306586937499999 0.6907184375 0.61775859375 0.676238325 0.67583515625 0.727977803125 0.68873525625 0.7424579171875 0.6306586937499999
0 0.7739113109375 0.6521333609375 0.7325197265625001 0.6418132796875 0.7185196171875 0.697964653125 0.7599112015625 0.7082847343750001 0.7739113109375 0.6521333609375