0 0.3869836796875 0.517503771875 0.42740022031249997 0.5189151484375001 0.4285260109375 0.48667673437500003 0.38810946875 0.4852653578125 0.3869836796875 0.517503771875
0 0.794313715625 0.6048636609375 0.839220984375 0.60643185625 0.840118765625 0.5807227421875 0.7952114984375 0.5791545453125 0.794313715625 0.6048636609375
0 0.409397178125 0.61307675625 0.439199275 0.6141174687500001 0.439983053125 0.5916730015625 0.41018095624999995 0.590632290625 0.409397178125 0.61307675625
0 0.6291358953125 0.5476145906250001 0.6483235453125 0.5482846390625 0.648879315625 0.5323694718749999 0.629691665625 0.531699425 0.6291358953125 0.5476145906250001
0 0.6756360203125 0.6440286984375 0.698089653125 0.6448127968749999 0.6986596734375 0.6284895500000001 0.676206040625 0.6277054515625 0.6756360203125 0.6440286984375
0 0.6550903531250001 0.6588372234375 0.6608058234375 0.6590368125 0.6615611015625 0.6374085093749999 0.6558456296874999 0.637208921875 0.6550903531250001 0.6588372234375
0 0.523380425 0.5561788937500001 0.5401185890625 0.556763403125 0.5404891015625 0.5461532921875001 0.5237509375 0.5455687828125 0.523380425 0.5561788937500001
0 0.46886388125 0.60739038125 0.49825772968750004 0.6084168375 0.4989560046875 0.5884208578125001 0.46956215625000003 0.587394403125 0.46886388125 0.60739038125
0 0.4408615671875 0.5782205796875 0.46943891875 0.5792185234375 0.47006594062499996 0.5612629499999999 0.44148858906250005 0.5602650078125 0.4408615671875 0.5782205796875
0 0.4065352265625 0.589687821875 0.4314383484375 0.5905574578125 0.43227912812499997 0.5664806671875 0.40737600625 0.56561103125 0.4065352265625 0.589687821875
0 0.47954114531250003 0.5591423578125 0.49015559062499997 0.5595130234375 0.49064010781249995 0.5456382625 0.4800256625 0.5452675984375001 0.47954114531250003 0.5591423578125
0 0.354144625 0.6736598546875 0.36720855625 0.6741160578125001 0.36757907031250003 0.663505946875 0.3545151375 0.66304974375 0.354144625 0.6736598546875
0 0.9061142343749999 0.7158154718749999 0.9591864609374999 0.7176687953124999 0.960967775 0.666658646875 0.9078955484375 0.6648053234375 0.9061142343749999 0.7158154718749999
0 0.6473659296875 0.28308354062499996 0.6563473828124999 0.2833971796875 0.6565896421875 0.2764597984375 0.6476081875 0.276146159375 0.6473659296875 0.28308354062499996
0 0.6084155906250001 0.30991530312500004 0.621071275 0.31035725 0.62161279375 0.2948501640625 0.608957109375 0.29440821875 0.6084155906250001 0.30991530312500004
0 0.48609957968749995 0.2308740078125 0.513043940625 0.23181492656249997 0.5134572046875 0.219980571875 0.4865128453125 0.21903965468750003 0.48609957968749995 0.2308740078125
0 0.38541329062499996 0.2698501625 0.4152153875 0.270890875 0.41605616718749994 0.2468140859375 0.38625407031250003 0.2457733734375 0.38541329062499996 0.2698501625
0 0.0870830390625 0.2917099703125 0.16179240156250002 0.294318878125 0.16313195 0.25595924531250003 0.08842258593749999 0.2533503375 0.0870830390625 0.2917099703125
0 0.2054044734375 0.262746959375 0.2413302875 0.2640015171875 0.2423135734375 0.2358439140625 0.206387759375 0.2345893578125 0.2054044734375 0.262746959375
0 0.2154262140625 0.2332706734375 0.2354303609375 0.23396923281249998 0.23570112031249998 0.226215690625 0.215696975 0.22551712968749998 0.2154262140625 0.2332706734375
0 0.0966041953125 0.14781412968750002 0.1247733 0.14879781718750001 0.1253433203125 0.1324745703125 0.097174215625 0.13149088281250002 0.0966041953125 0.14781412968750002
0 0.4165640171875 0.8760432125 0.4255454703125 0.8763568515625 0.425773478125 0.8698275515624999 0.416792025 0.8695139125000001 0.4165640171875 0.8760432125
0 0.114747775 0.5529407546875 0.12250448437499999 0.553211625 0.12343076718749998 0.5266863484375001 0.1156740578125 0.526415478125 0.114747775 0.5529407546875
0 0 0.56037388125 0.0073878140625 0.56063186875 0.00891261875 0.51696718125 0 0.5166559453125 0 0.56037388125
0 0.045692662499999995 0.5288746203125 0.05671535625 0.529259540625 0.05719987343750001 0.5153847796875 0.0461771796875 0.514999859375 0.045692662499999995 0.5288746203125
0 0.2687627984375 0.5084724625 0.290808184375 0.509242303125 0.2912784515625 0.495775625 0.269233065625 0.49500578281249996 0.2687627984375 0.5084724625
0 0.4805735828125 0.2486585046875 0.4940457625 0.24912896406249999 0.49423102031250005 0.24382390781250002 0.4807588390625 0.24335345 0.4805735828125 0.2486585046875
0 0.5536172374999999 0.228737409375 0.590359546875 0.2300204796875 0.5914568359375 0.19859822968750002 0.5547145265625 0.197315159375 0.5536172374999999 0.228737409375