0 0.6123366015625 0.48917925625 0.571895425 0.48917925625 0.571895425 0.5214373218749999 0.6123366015625 0.5214373218749999 0.6123366015625 0.48917925625
0 0.20220588281250002 0.56880359375 0.1572712421875 0.56880359375 0.1572712421875 0.5945283796874999 0.20220588281250002 0.5945283796874999 0.20220588281250002 0.56880359375
0 0.5866013078125001 0.5937117187500001 0.5567810453125001 0.5937117187500001 0.5567810453125001 0.616169865625 0.5866013078125001 0.616169865625 0.5866013078125001 0.5937117187500001
0 0.3692810453125 0.527153940625 0.3500817 0.527153940625 0.3500817 0.5430788078125001 0.3692810453125 0.5430788078125001 0.3692810453125 0.527153940625
0 0.31944444375000003 0.6214781546875 0.2969771234375 0.6214781546875 0.2969771234375 0.6378113515625 0.31944444375000003 0.6378113515625 0.31944444375000003 0.6214781546875
0 0.339460784375 0.631686403125 0.3337418296875 0.631686403125 0.3337418296875 0.6533278890625 0.339460784375 0.6533278890625 0.339460784375 0.631686403125
0 0.47467320312499994 0.544712128125 0.4579248359375 0.544712128125 0.4579248359375 0.55532870625 0.47467320312499994 0.55532870625 0.47467320312499994 0.544712128125
0 0.52736928125 0.5884034296875 0.497957515625 0.5884034296875 0.497957515625 0.608411596875 0.52736928125 0.608411596875 0.52736928125 0.5884034296875
0 0.5563725484375001 0.5622703140625 0.527777778125 0.5622703140625 0.527777778125 0.5802368312499999 0.5563725484375001 0.5802368312499999 0.5563725484375001 0.5622703140625
0 0.590277778125 0.56880359375 0.5653594765625 0.56880359375 0.5653594765625 0.592895059375 0.590277778125 0.592895059375 0.590277778125 0.56880359375
0 0.518382353125 0.5459371171875 0.5077614374999999 0.5459371171875 0.5077614374999999 0.559820334375 0.518382353125 0.559820334375 0.518382353125 0.5459371171875
0 0.6397058828125 0.6680277671875 0.6266339875 0.6680277671875 0.6266339875 0.6786443453125 0.6397058828125 0.6786443453125 0.6397058828125 0.6680277671875
0 0.0866013078125 0.6504695796875 0.03349673125 0.6504695796875 0.03349673125 0.7015108203125 0.0866013078125 0.7015108203125 0.0866013078125 0.6504695796875
0 0.3602941171875 0.2711310734375 0.3513071890625 0.2711310734375 0.3513071890625 0.2780726828125 0.3602941171875 0.2780726828125 0.3602941171875 0.2711310734375
0 0.3982843140625 0.2907309109375 0.385620915625 0.2907309109375 0.385620915625 0.3062474484375 0.3982843140625 0.3062474484375 0.3982843140625 0.2907309109375
0 0.5232843140625 0.21968150312499998 0.49632352968750004 0.21968150312499998 0.49632352968750004 0.23152307031250002 0.5232843140625 0.23152307031250002 0.5232843140625 0.21968150312499998
0 0.6225490203125 0.24989791718749998 0.5927287578125 0.24989791718749998 0.5927287578125 0.2739893828125 0.6225490203125 0.2739893828125 0.6225490203125 0.24989791718749998
0 0.919934640625 0.26786443437499996 0.8451797390625 0.26786443437499996 0.8451797390625 0.3062474484375 0.919934640625 0.3062474484375 0.919934640625 0.26786443437499996
0 0.8026960781250001 0.24499795781249997 0.766748365625 0.24499795781249997 0.766748365625 0.2731727234375 0.8026960781250001 0.2731727234375 0.8026960781250001 0.24499795781249997
0 0.79370915 0.23560637031249998 0.7736928109375001 0.23560637031249998 0.7736928109375001 0.2433646390625 0.79370915 0.2433646390625 0.79370915 0.23560637031249998
0 0.9154411765624999 0.14577378593749998 0.8872549015625 0.14577378593749998 0.8872549015625 0.1621069828125 0.9154411765624999 0.1621069828125 0.9154411765624999 0.14577378593749998
0 0.5702614374999999 0.87219273125 0.561274509375 0.87219273125 0.561274509375 0.8787260109374999 0.5702614374999999 0.8787260109374999 0.5702614374999999 0.87219273125
0 0.8831699343749999 0.5398121687499999 0.875408496875 0.5398121687499999 0.875408496875 0.5663536140625001 0.8831699343749999 0.5663536140625001 0.8831699343749999 0.5398121687499999
0 0.99918300625 0.5340955484375 0.9901960781250001 0.5340955484375 0.9901960781250001 0.5777868515625 0.99918300625 0.5777868515625 0.99918300625 0.5340955484375
0 0.9530228765625001 0.530828909375 0.9419934640625 0.530828909375 0.9419934640625 0.544712128125 0.9530228765625001 0.544712128125 0.9530228765625001 0.530828909375
0 0.730800653125 0.503062475 0.7087418296875 0.503062475 0.7087418296875 0.5165373625 0.730800653125 0.5165373625 0.730800653125 0.503062475
0 0.528186275 0.24418129843749997 0.5147058828125 0.24418129843749997 0.5147058828125 0.2494895875 0.528186275 0.2494895875 0.528186275 0.24418129843749997
0 0.455882353125 0.19559003749999998 0.419117646875 0.19559003749999998 0.419117646875 0.22703144062499997 0.455882353125 0.22703144062499997 0.455882353125 0.19559003749999998