0 0.43104001406250003 0.5458031578125 0.387472653125 0.553485259375 0.42030773281249995 0.7397022546875001 0.46387509375 0.732020153125 0.43104001406250003 0.5458031578125
0 0.395998225 0.7004898125000001 0.3620713 0.7064720453125 0.3747404109375 0.7783221421875 0.40866733593750004 0.7723399109375 0.395998225 0.7004898125000001
0 0.3189165953125 0.5961586828125001 0.2901806765625 0.6012256 0.312787484375 0.7294351765625 0.34152340312499996 0.7243682578125 0.3189165953125 0.5961586828125001
0 0.6550640453125001 0.37444574531249997 0.6038955703125 0.383468128125 0.6192379796874999 0.47047925625 0.6704064546875 0.4614568734375 0.6550640453125001 0.37444574531249997
0 0.538382521875 0 0.56252285 0.136906603125 0.6930395390624999 0.1138929890625 0.6729571328125 0 0.538382521875 0
0 0.7808875203125 0.066798375 0.6796629265624999 0.0846470015625 0.7031414625 0.21780039375000002 0.8043660546875 0.19995176718750002 0.7808875203125 0.066798375
0 0.7551005281250001 0.16989743125 0.6722298453125 0.18450976875 0.6879790609375 0.27382800937499996 0.77084974375 0.2592156734375 0.7551005281250001 0.16989743125
0 0.796638590625 0.2471920359375 0.69022299375 0.26595597656250003 0.7149800625 0.40636029531249995 0.8213956609374999 0.3875963546875 0.796638590625 0.2471920359375
0 0.801301171875 0.386381865625 0.758104596875 0.3939985875 0.7709480531249999 0.46683744687499995 0.814144628125 0.4592207265625 0.801301171875 0.386381865625
0 0.3593453671875 0.41673371562500006 0.3339465234375 0.4212122171875 0.3420826484375 0.46735448125 0.36748149375 0.46287597968750005 0.3593453671875 0.41673371562500006
0 0.338655803125 0.40780795468750003 0.2982401234375 0.4149343296875 0.3201495484375 0.5391888546875 0.36056522812499997 0.5320624796875 0.338655803125 0.40780795468750003
0 0.6065771328125 0.260994575 0.5769142484375 0.2662249421875 0.5835393796874999 0.3037979296875 0.6132022640625 0.2985675625 0.6065771328125 0.260994575
0 0.9326864374999999 0.07775380312499999 0.8770685296874999 0.087560740625 0.9205968046875 0.334421853125 0.9762147125 0.324614915625 0.9326864374999999 0.07775380312499999
0 0.386894103125 0.270504821875 0.36056829375 0.275146771875 0.37974630625 0.3839106796875 0.4060721140625 0.37926872968750003 0.386894103125 0.270504821875
0 0.341913878125 0.060941728125000004 0.31354874375 0.065943265625 0.33708539531250004 0.19942624375 0.365450528125 0.19442470625 0.341913878125 0.060941728125000004
0 0.33823061249999997 0.5896945859375 0.313387946875 0.5940750171875 0.329311509375 0.6843820218750001 0.3541541734375 0.6800015890625 0.33823061249999997 0.5896945859375