0 0.0166933890625 0.8268828859375 0.0689530203125 0.8241440750000001 0.0669545734375 0.7860114312500001 0.0146949421875 0.7887502421875 0.0166933890625 0.8268828859375
0 0.3062970625 0.78935888125 0.3694544359375 0.78604894375 0.3672094265625 0.7432116234375 0.304052053125 0.7465215609375 0.3062970625 0.78935888125
0 0.3694908125 0.6872257640625 0.3974781984375 0.6857590078125 0.3967385125 0.6716449765625 0.368751128125 0.6731117328125 0.3694908125 0.6872257640625
0 0.8925955203125 0.49419847343749995 0.9020072078125001 0.49370522812499995 0.9016179 0.486276790625 0.8922062125 0.4867700359375 0.8925955203125 0.49419847343749995
0 0.8068228859375 0.492486259375 0.8323335125 0.4911493046875 0.8315548968750001 0.47629243125 0.8060442703125 0.47762938593750004 0.8068228859375 0.492486259375
0 0.7260919859375 0.55854255625 0.7570514828125 0.5569200375000001 0.7564675203125 0.5457773828125 0.725508025 0.5473999 0.7260919859375 0.55854255625
0 0.7922114421875001 0.59753576875 0.819208125 0.5961209328125 0.8184295078125 0.5812640578125 0.7914328265624999 0.58267889375 0.7922114421875001 0.59753576875
0 0.7748997531249999 0.48993827031250003 0.7949615078125001 0.48888687812500004 0.7943256375 0.476753765625 0.774263884375 0.4778051578125 0.7748997531249999 0.48993827031250003
0 0.8179716484374999 0.4777491828125 0.841253190625 0.4765290484375 0.8405654124999999 0.4634054765625 0.8172838703125 0.4646256109375 0.8179716484374999 0.4777491828125
0 0.8384508921875 0.4751861421875 0.8570265906250001 0.47421263125 0.8564945359375 0.464060434375 0.8379188375 0.46503394531250003 0.8384508921875 0.4751861421875
0 0.85330293125 0.4552890921875 0.8716309531249999 0.4543285609375 0.8711508078125 0.445166821875 0.852822784375 0.44612735312499996 0.85330293125 0.4552890921875