0 0.34274804375 0.105329290625 0.0671807203125 0.11495231406249999 0.0688629671875 0.1631255640625 0.34443029062499997 0.15350254218749998 0.34274804375 0.105329290625
0 0.3220385515625 0.22336250624999998 0.0642300109375 0.232365378125 0.0707879234375 0.42015940625 0.3285964640625 0.411156534375 0.3220385515625 0.22336250624999998
0 0.4091123546875 0.49581644375 0.18131003437499998 0.5037714765625 0.1889229140625 0.721775846875 0.41672523437500003 0.713820815625 0.4091123546875 0.49581644375
0 0.48081298125 0.3894911875 0.23800755156250003 0.3979701390625 0.24383839062499998 0.564943525 0.4866438203125 0.556464571875 0.48081298125 0.3894911875
0 0.47471742656249993 0.18860115 0.3785750484375 0.191958515625 0.3814405703125 0.27401634218750004 0.47758294843750004 0.2706589765625 0.47471742656249993 0.18860115
0 0.530816528125 0.26757378125 0.33761321718750004 0.2743205890625 0.341904371875 0.397203203125 0.535107684375 0.39045639374999996 0.530816528125 0.26757378125
0 0.5982068921875 0.09926969062499999 0.46746550625000005 0.10383528125000001 0.47201327656250003 0.23406635781250001 0.6027546609375001 0.2295007671875 0.5982068921875 0.09926969062499999
0 0.5512088984375 0 0.554443365625 0.09262303281249999 0.7158033421875001 0.08698821875 0.712765646875 0 0.5512088984375 0
0 0.769485021875 0.070398765625 0.611186903125 0.07592665781249999 0.6177020453125001 0.2624959421875 0.7760001640625 0.25696805 0.769485021875 0.070398765625
0 0.6951806890625 0.2426230078125 0.5442310328125 0.24789428593750001 0.5482655750000001 0.3634284375 0.6992152296875 0.35815715937500003 0.6951806890625 0.2426230078125
0 0.8878293062499999 0.2551066203125 0.6995249671875 0.261682353125 0.7046857578125 0.40946808749999997 0.892990096875 0.4028923546875 0.8878293062499999 0.2551066203125
0 0.91665065 0.36936645156250003 0.5112604984375 0.3835229875 0.5199568593749999 0.6325541984374999 0.9253470109374999 0.6183976625 0.91665065 0.36936645156250003
0 1 0.49127247343749997 0.99740014375 0.41682234218750003 0.892990746875 0.42046839843750006 0.8983938968749999 0.575194346875 1 0.571646184375 1 0.49127247343749997
0 0.983659396875 0.6641845984375 0.839752015625 0.6692099546875 0.8447987578125 0.8137297078125 0.9887061375 0.8087043515625 0.983659396875 0.6641845984375
0 0.8431961953125 0.609821553125 0.5036360140625 0.6216792546875001 0.5086257296875 0.764566015625 0.8481859109375 0.7527083125 0.8431961953125 0.609821553125
0 0.508727540625 1 0.7470891859375001 0.991676228125 0.7375802124999999 0.7193748875 0.3551540046875 0.7327295046875 0.3644872953125 1 0.508727540625 1
0 0.9981616343749999 0.9829085843750001 0.990334909375 0.75878049375 0.6911912703125 0.7692268203125 0.699017996875 0.9933549109375001 0.9981616343749999 0.9829085843750001
0 0.5839966875 0.552656190625 0.3907933734375 0.559403 0.3952556046875 0.6871845875 0.58845891875 0.6804377796875001 0.5839966875 0.552656190625