0 0.01695886875 0.3688188640625 0.167913378125 0.400905234375 0.22428943281249997 0.1356767515625 0.0733349234375 0.1035903796875 0.01695886875 0.3688188640625
0 0.0519556765625 0.49553073437500006 0.14977043750000002 0.5163219031249999 0.17149454375 0.4141180203125 0.07367978281250001 0.39332685 0.0519556765625 0.49553073437500006
0 0.691712715625 0.792402865625 0.74720378125 0.8041978562500001 0.7629970734375 0.729896259375 0.7075060078125001 0.71810126875 0.691712715625 0.792402865625
0 0.8893666031249999 0.5758812875 0.9319254296875 0.5849274453125 0.9505175328125001 0.4974584765625 0.90795870625 0.48841231875 0.8893666031249999 0.5758812875
0 0.804151634375 0.762891753125 0.847180725 0.77203786875 0.8585758859375 0.7184278546875 0.8155467953125 0.709281740625 0.804151634375 0.762891753125
0 0.659792515625 0.51594291875 0.7075242359375 0.526088609375 0.7219181234375001 0.458370696875 0.6741864015625 0.44822500625000006 0.659792515625 0.51594291875
0 0.5082997578125 0.21930981093750002 0.5868337218749999 0.2360027203125 0.6071584234375 0.1403825234375 0.5286244578125 0.12368961406250001 0.5082997578125 0.21930981093750002
0 0.44569477031250004 0.37278840468749996 0.48355096406250003 0.3808349859375 0.48754926562499995 0.3620244546875 0.44969307187499996 0.353977871875 0.44569477031250004 0.37278840468749996
0 0.4707421421875 0.269980209375 0.48532030312499996 0.2730788921875 0.4893186046875 0.2542683625 0.47474044375 0.251169678125 0.4707421421875 0.269980209375
0 0.5169363234375 0.304702253125 0.527987509375 0.3070512546875 0.5314527046874999 0.2907487953125 0.5204015171874999 0.28839979375 0.5169363234375 0.304702253125
0 0.1014976125 0 0.0990048078125 0.011727721875 0.13592047499999999 0.0195743890625 0.1400811390625 0 0.1014976125 0
0 0.3817523015625 0.6921130515625 0.40479520156250004 0.6970109718749999 0.40839367343750005 0.68008149375 0.3853507734375 0.6751835749999999 0.3817523015625 0.6921130515625
0 0.5895139390625 0.821141528125 0.5965678875 0.822640890625 0.6002329984375 0.8053979046874999 0.59317905 0.8038985421874999 0.5895139390625 0.821141528125
0 0.0853590875 0.592740996875 0.0957048796875 0.5949400625 0.0996365421875 0.576443040625 0.08929075 0.574243975 0.0853590875 0.592740996875