0 0.40793269218750006 0.33493589687499997 0.3043269234375 0.33493589687499997 0.3043269234375 0.45705128281249996 0.40793269218750006 0.45705128281249996 0.40793269218750006 0.33493589687499997
0 0.27668269218749997 0.565064103125 0.20360576875 0.565064103125 0.20360576875 0.652884615625 0.27668269218749997 0.652884615625 0.27668269218749997 0.565064103125
0 0.261778846875 0.6304487171875001 0.07764423125 0.6304487171875001 0.07764423125 0.8519230765625 0.261778846875 0.8519230765625 0.261778846875 0.6304487171875001
0 0.43798076874999997 0.709935896875 0.349278846875 0.709935896875 0.349278846875 0.841025640625 0.43798076874999997 0.841025640625 0.43798076874999997 0.709935896875
0 0.48461538437499996 0.753525640625 0.415625 0.753525640625 0.415625 0.9288461531250001 0.48461538437499996 0.9288461531250001 0.48461538437499996 0.753525640625
0 0.425 0.49711538437499997 0.35649038437499997 0.49711538437499997 0.35649038437499997 0.6294871796875 0.425 0.6294871796875 0.425 0.49711538437499997
0 0.5824519234375 0.3929487171875 0.5165865390625 0.3929487171875 0.5165865390625 0.48141025624999995 0.5824519234375 0.48141025624999995 0.5824519234375 0.3929487171875
0 0.6365384609375 0.484935896875 0.608653846875 0.484935896875 0.608653846875 0.525641025 0.6365384609375 0.525641025 0.6365384609375 0.484935896875
0 0.6235576921875 0.6826923078125 0.5646634609375 0.6826923078125 0.5646634609375 0.76858974375 0.6235576921875 0.76858974375 0.6235576921875 0.6826923078125
0 0.7641826921875 0.034294871875 0.6394230765625 0.034294871875 0.6394230765625 0.216025640625 0.7641826921875 0.216025640625 0.7641826921875 0.034294871875
0 0.6165865390625 0.1227564109375 0.5548076921875 0.1227564109375 0.5548076921875 0.2115384609375 0.6165865390625 0.2115384609375 0.6165865390625 0.1227564109375
0 0.8009615390624999 0.2548076921875 0.6927884609375 0.2548076921875 0.6927884609375 0.49423076874999994 0.8009615390624999 0.49423076874999994 0.8009615390624999 0.2548076921875
0 0.575 0.5682692312500001 0.5576923078125 0.5682692312500001 0.5576923078125 0.5919871796875 0.575 0.5919871796875 0.575 0.5682692312500001
0 0.45697115312500003 0.3772435890625 0.45 0.3772435890625 0.45 0.3945512828125 0.45697115312500003 0.3945512828125 0.45697115312500003 0.3772435890625
0 0.5699519234375 0.4759615390625 0.528365384375 0.4759615390625 0.528365384375 0.5262820515625 0.5699519234375 0.5262820515625 0.5699519234375 0.4759615390625