0 0.5943787203124999 0.42436887343749996 0.3937545265625 0.456144625 0.43582135781250003 0.7217441499999999 0.636445553125 0.6899683984375 0.5943787203124999 0.42436887343749996
0 0.3103978375 0.21720426874999998 0.21376582968750002 0.23250927500000002 0.244150215625 0.42434874218749996 0.34078222343750003 0.4090437359375 0.3103978375 0.21720426874999998
0 0.09457099062499999 0.3665882421875 0.06156890625 0.37181525937500004 0.06768589375 0.41043640625 0.10068797968750001 0.4052093890625 0.09457099062499999 0.3665882421875
0 0.1128481890625 0.5373052265625 0.065363171875 0.544826115625 0.0740874015625 0.599908734375 0.12157241875 0.592387846875 0.1128481890625 0.5373052265625
0 0.3890221078125 0.6736655453125 0.3434364921875 0.6808855968749999 0.3489518109375 0.7157079421875 0.394537425 0.7084878906250001 0.3890221078125 0.6736655453125
0 0.357479984375 0.6481575687500001 0.329938675 0.652519684375 0.3356044109375 0.68829173125 0.36314572031250003 0.683929615625 0.357479984375 0.6481575687500001
0 0.39033023125 0.56052955625 0.376084725 0.562785821875 0.3818507390625 0.5991910015624999 0.3960962453125 0.5969347359375 0.39033023125 0.56052955625
0 0.358959275 0.3701443796875 0.3364038921875 0.3737168015625 0.3398635 0.395559909375 0.36241888437499997 0.3919874875 0.358959275 0.3701443796875
0 0.48838076406250003 0.7416517578125 0.453954128125 0.7471044015625 0.46107390156249994 0.7920568828125 0.4955005375 0.786604240625 0.48838076406250003 0.7416517578125
0 0.6486397171875 0.7623493765625 0.625609484375 0.7659970078125 0.6309242453125 0.7995530843750001 0.653954478125 0.7959054546875 0.6486397171875 0.7623493765625
0 0.8367188390625 0.5514850765625 0.7692901156249999 0.5621647359375 0.8071452499999999 0.801172653125 0.8745739734375 0.7904929921875 0.8367188390625 0.5514850765625
0 0.6821801640625 0.60224675 0.6394436484375 0.60901555 0.6520286 0.688473809375 0.694765115625 0.6817050109375 0.6821801640625 0.60224675
0 0.521684053125 0.163620321875 0.4734867609375 0.1712540234375 0.48612185312499995 0.2510288484375 0.53431914375 0.24339514843750001 0.521684053125 0.163620321875
0 0.777034034375 0.056328196875 0.7319232671875 0.063473040625 0.7493717281250001 0.1736382796875 0.79448249375 0.1664934359375 0.777034034375 0.056328196875
0 0.57527083125 0.9475816734375 0.5353834187500001 0.9538992203125 0.5412497109375 0.9909375328125 0.5811371249999999 0.9846199859375 0.57527083125 0.9475816734375