0 0.5980769234375 0.29102564062499997 0.39495192343749996 0.29102564062499997 0.39495192343749996 0.559935896875 0.5980769234375 0.559935896875 0.5980769234375 0.29102564062499997
0 0.7408653843749999 0.6147435890625 0.643028846875 0.6147435890625 0.643028846875 0.8089743593750001 0.7408653843749999 0.8089743593750001 0.7408653843749999 0.6147435890625
0 0.91298076875 0.6560897437500001 0.8795673078125 0.6560897437500001 0.8795673078125 0.6951923078125 0.91298076875 0.6951923078125 0.91298076875 0.6560897437500001
0 0.9362980765625 0.46794871718750003 0.888221153125 0.46794871718750003 0.888221153125 0.5237179484375 0.9362980765625 0.5237179484375 0.9362980765625 0.46794871718750003
0 0.6829326921875001 0.3105769234375 0.636778846875 0.3105769234375 0.636778846875 0.3458333328125 0.6829326921875001 0.3458333328125 0.6829326921875001 0.3105769234375
0 0.6918269234375 0.3397435890625 0.6639423078125 0.3397435890625 0.6639423078125 0.3759615390625 0.6918269234375 0.3759615390625 0.6918269234375 0.3397435890625
0 0.6322115390625 0.4205128203125 0.6177884609375 0.4205128203125 0.6177884609375 0.45737179531249994 0.6322115390625 0.45737179531249994 0.6322115390625 0.4205128203125
0 0.6418269234375 0.6282051281250001 0.618990384375 0.6282051281250001 0.618990384375 0.6503205125 0.6418269234375 0.6503205125 0.6418269234375 0.6282051281250001
0 0.584134615625 0.2176282046875 0.549278846875 0.2176282046875 0.549278846875 0.26314102500000003 0.584134615625 0.26314102500000003 0.584134615625 0.2176282046875
0 0.41754807656250004 0.183653846875 0.39423076875 0.183653846875 0.39423076875 0.2176282046875 0.41754807656250004 0.2176282046875 0.41754807656250004 0.183653846875
0 0.24375 0.1544871796875 0.17548076875000002 0.1544871796875 0.17548076875000002 0.39647435937500003 0.24375 0.39647435937500003 0.24375 0.1544871796875
0 0.37932692343749996 0.29006410312500003 0.3360576921875 0.29006410312500003 0.3360576921875 0.3705128203125 0.37932692343749996 0.3705128203125 0.37932692343749996 0.29006410312500003
0 0.474759615625 0.7480769234375 0.4259615390625 0.7480769234375 0.4259615390625 0.828846153125 0.474759615625 0.828846153125 0.474759615625 0.7480769234375
0 0.20264423125 0.7833333328125 0.156971153125 0.7833333328125 0.156971153125 0.8948717953124999 0.20264423125 0.8948717953124999 0.20264423125 0.7833333328125
0 0.5360576921875 0.008653846875 0.49567307656250004 0.008653846875 0.49567307656250004 0.046153846875 0.5360576921875 0.046153846875 0.5360576921875 0.008653846875