0 0.2709134609375 0.2548076921875 0.23774038437499997 0.2548076921875 0.23774038437499997 0.28557692343749996 0.2709134609375 0.28557692343749996 0.2709134609375 0.2548076921875
0 0.796634615625 0.3544871796875 0.6177884609375 0.3544871796875 0.6177884609375 0.7076923078124999 0.796634615625 0.7076923078124999 0.796634615625 0.3544871796875
0 0.66875 0.09358974375 0.581009615625 0.09358974375 0.581009615625 0.1948717953125 0.66875 0.1948717953125 0.66875 0.09358974375
0 0.48605769218750006 0.0176282046875 0.4324519234375 0.0176282046875 0.4324519234375 0.0996794875 0.48605769218750006 0.0996794875 0.48605769218750006 0.0176282046875
0 0.45240384687499996 0.18141025625 0.42451923125 0.18141025625 0.42451923125 0.2166666671875 0.45240384687499996 0.2166666671875 0.45240384687499996 0.18141025625
0 0.5923076921875 0.684935896875 0.5377403843749999 0.684935896875 0.5377403843749999 0.7429487171875 0.5923076921875 0.7429487171875 0.5923076921875 0.684935896875
0 0.8259615390624999 0.8237179484375 0.766346153125 0.8237179484375 0.766346153125 0.896153846875 0.8259615390624999 0.896153846875 0.8259615390624999 0.8237179484375
0 0.24735576875 0.238141025 0.225721153125 0.238141025 0.225721153125 0.265064103125 0.24735576875 0.265064103125 0.24735576875 0.238141025
0 0.7365384609375 0.76923076875 0.7076923078124999 0.76923076875 0.7076923078124999 0.7958333328125 0.7365384609375 0.7958333328125 0.7365384609375 0.76923076875
0 0.811778846875 0.775641025 0.7831730765625 0.775641025 0.7831730765625 0.8105769234375 0.811778846875 0.8105769234375 0.811778846875 0.775641025
0 0.818028846875 0.7512820515625 0.7959134609375 0.7512820515625 0.7959134609375 0.7759615390625 0.818028846875 0.7759615390625 0.818028846875 0.7512820515625
0 0.443990384375 0.0230769234375 0.4204326921875 0.0230769234375 0.4204326921875 0.05641025625 0.443990384375 0.05641025625 0.443990384375 0.0230769234375
0 0.5983173078124999 0.3397435890625 0.5639423078125 0.3397435890625 0.5639423078125 0.37788461562500003 0.5983173078124999 0.37788461562500003 0.5983173078124999 0.3397435890625
0 0.6098557687499999 0.47820512812500005 0.5509615390625 0.47820512812500005 0.5509615390625 0.5333333328125 0.6098557687499999 0.5333333328125 0.6098557687499999 0.47820512812500005
0 0.5920673078124999 0.609615384375 0.57451923125 0.609615384375 0.57451923125 0.6323717953125 0.5920673078124999 0.6323717953125 0.5920673078124999 0.609615384375
0 0.563221153125 0.6198717953124999 0.54375 0.6198717953124999 0.54375 0.6605769234375 0.563221153125 0.6605769234375 0.563221153125 0.6198717953124999