0 0.92550381875 0.4781091625 0.6425327296875001 0.51285364375 0.699639453125 0.977950590625 0.9826105437500001 0.943206109375 0.92550381875 0.4781091625
0 0.5454677359375 0.5053965375 0.38394039375 0.5252296015625 0.4141343046875 0.7711392734375 0.575661646875 0.751306209375 0.5454677359375 0.5053965375
0 0.6920694484375 0.43895813749999996 0.6056988453125001 0.4495631140625 0.614565621875 0.5217772109375 0.700936225 0.511172234375 0.6920694484375 0.43895813749999996
0 0.5945941453125 0.3098106421875 0.5449668390625 0.315904109375 0.5531695828125 0.3827101 0.602796890625 0.3766166328125 0.5945941453125 0.3098106421875
0 0.25023024375 0.18578950624999999 0.08369245 0.2062377765625 0.096426234375 0.309946125 0.2629640265625 0.2894978546875 0.25023024375 0.18578950624999999
0 0.42929104218749997 0.1470117734375 0.3846741828125 0.1524900359375 0.3934628375 0.2240678828125 0.43807969687500004 0.218589621875 0.42929104218749997 0.1470117734375
0 0.6526086953125 0.10376874375 0.5571715640625 0.11548695 0.5773268781249999 0.2796388140625 0.672764009375 0.2679206078125 0.6526086953125 0.10376874375
0 0.52006143125 1 0.6445245109375 0.9847178546875 0.61554148125 0.7486700203125001 0.48025935000000003 0.7652805765624999 0.509079271875 1 0.52006143125 1
0 0.5050555250000001 0.60626571875 0.3516403375 0.6251027359375 0.375154871875 0.8166132421875 0.5285700578125 0.797776225 0.5050555250000001 0.60626571875
0 0.624563371875 0.49471605468749996 0.5949778609374999 0.4983486984375 0.599782325 0.5374779234375 0.6293678375 0.5338452796875 0.624563371875 0.49471605468749996
0 0.49057569375 0.4646672203125 0.44357290625 0.47043843750000003 0.4577909953125 0.5862354875 0.5047937828125 0.5804642703125 0.49057569375 0.4646672203125