0 0.8572115390624999 0.459615384375 0.558653846875 0.459615384375 0.558653846875 0.7708333328125 0.8572115390624999 0.7708333328125 0.8572115390624999 0.459615384375
0 0.550721153125 0.303525640625 0.4949519234375 0.303525640625 0.4949519234375 0.3923076921875 0.550721153125 0.3923076921875 0.550721153125 0.303525640625
0 0.4050480765625 0.3076923078125 0.37764423125 0.3076923078125 0.37764423125 0.4916666671875 0.4050480765625 0.4916666671875 0.4050480765625 0.3076923078125
0 0.446153846875 0.54358974375 0.34735576875 0.54358974375 0.34735576875 0.6705128203124999 0.446153846875 0.6705128203124999 0.446153846875 0.54358974375
0 0.33677884687500004 0.5538461531250001 0.268990384375 0.5538461531250001 0.268990384375 0.7666666671875 0.33677884687500004 0.7666666671875 0.33677884687500004 0.5538461531250001
0 0.27019230781250003 0.42948717968750005 0.21899038437499999 0.42948717968750005 0.21899038437499999 0.6099358968749999 0.27019230781250003 0.6099358968749999 0.27019230781250003 0.42948717968750005
0 0.28413461562500003 0.68076923125 0.2298076921875 0.68076923125 0.2298076921875 0.8358974359375001 0.28413461562500003 0.8358974359375001 0.28413461562500003 0.68076923125
0 0.2514423078125 0.46987179531249995 0.156009615625 0.46987179531249995 0.156009615625 0.6589743593749999 0.2514423078125 0.6589743593749999 0.2514423078125 0.46987179531249995
0 0.2862980765625 0.32115384687500004 0.2081730765625 0.32115384687500004 0.2081730765625 0.463141025 0.2862980765625 0.463141025 0.2862980765625 0.32115384687500004
0 0.347596153125 0.353205128125 0.2483173078125 0.353205128125 0.2483173078125 0.683653846875 0.347596153125 0.683653846875 0.347596153125 0.353205128125
0 0.388221153125 0.190705128125 0.34375 0.190705128125 0.34375 0.34423076875 0.388221153125 0.34423076875 0.388221153125 0.190705128125
0 0.706009615625 0.246474359375 0.656971153125 0.246474359375 0.656971153125 0.3147435890625 0.706009615625 0.3147435890625 0.706009615625 0.246474359375
0 0.440625 0.509294871875 0.4112980765625 0.509294871875 0.4112980765625 0.5483974359375 0.440625 0.5483974359375 0.440625 0.509294871875