0 0.256009615625 0.01923076875 0.09639423124999999 0.01923076875 0.09639423124999999 0.2451923078125 0.256009615625 0.2451923078125 0.256009615625 0.01923076875
0 0.30961538437499997 0.23237179531250002 0.168028846875 0.23237179531250002 0.168028846875 0.5012820515625 0.30961538437499997 0.5012820515625 0.30961538437499997 0.23237179531250002
0 0.463221153125 0.733653846875 0.2677884609375 0.733653846875 0.2677884609375 0.8320512828125001 0.463221153125 0.8320512828125001 0.463221153125 0.733653846875
0 0.2956730765625 1 0.2956730765625 0.8897435890625 0.21730769218749998 0.8897435890625 0.21730769218749998 1 0.2956730765625 1
0 0.6197115390625 1 0.6197115390625 0.915705128125 0.50264423125 0.915705128125 0.50264423125 1 0.6197115390625 1
0 0.6701923078124999 0.7269230765625 0.5540865390625 0.7269230765625 0.5540865390625 0.9105769234375 0.6701923078124999 0.9105769234375 0.6701923078124999 0.7269230765625
0 0.9067307687499999 0.640384615625 0.731971153125 0.640384615625 0.731971153125 0.8951923078125 0.9067307687499999 0.8951923078125 0.9067307687499999 0.640384615625
0 0.764903846875 0.4246794875 0.37548076875 0.4246794875 0.37548076875 0.7201923078125 0.764903846875 0.7201923078125 0.764903846875 0.4246794875
0 0.66875 0.2698717953125 0.55576923125 0.2698717953125 0.55576923125 0.43076923125000005 0.66875 0.43076923125000005 0.66875 0.2698717953125
0 0.5625 0.15352564062500001 0.4177884609375 0.15352564062500001 0.4177884609375 0.2798076921875 0.5625 0.2798076921875 0.5625 0.15352564062500001
0 0.4706730765625 0.0003205125 0.38173076875 0.0003205125 0.38173076875 0.16698717968750001 0.4706730765625 0.16698717968750001 0.4706730765625 0.0003205125
0 0.543028846875 0.0003205125 0.434375 0.0003205125 0.434375 0.16923076875 0.543028846875 0.16923076875 0.543028846875 0.0003205125
0 0.6701923078124999 0.050320512500000004 0.61201923125 0.050320512500000004 0.61201923125 0.1608974359375 0.6701923078124999 0.1608974359375 0.6701923078124999 0.050320512500000004
0 0.8509615390624999 0.11025641093750001 0.7927884609375 0.11025641093750001 0.7927884609375 0.2394230765625 0.8509615390624999 0.2394230765625 0.8509615390624999 0.11025641093750001
0 0.784134615625 0.138141025 0.7430288468749999 0.138141025 0.7430288468749999 0.1820512828125 0.784134615625 0.1820512828125 0.784134615625 0.138141025
0 0.78485576875 0.172115384375 0.64951923125 0.172115384375 0.64951923125 0.32948717968749996 0.78485576875 0.32948717968749996 0.78485576875 0.172115384375