0 0.687259615625 0.1105769234375 0.4540865390625 0.1105769234375 0.4540865390625 0.2621794875 0.687259615625 0.2621794875 0.687259615625 0.1105769234375
0 0.5399038468749999 0.2487179484375 0.42668269218750005 0.2487179484375 0.42668269218750005 0.3705128203125 0.5399038468749999 0.3705128203125 0.5399038468749999 0.2487179484375
0 0.546153846875 0.340705128125 0.39735576875 0.340705128125 0.39735576875 0.5112179484375 0.546153846875 0.5112179484375 0.546153846875 0.340705128125
0 0.60048076875 0.61891025625 0.385096153125 0.61891025625 0.385096153125 0.8897435890625 0.60048076875 0.8897435890625 0.60048076875 0.61891025625
0 0.41875 0.6166666671875001 0.3584134609375 0.6166666671875001 0.3584134609375 0.740705128125 0.41875 0.740705128125 0.41875 0.6166666671875001
0 0.3266826921875 0.461858975 0.225 0.461858975 0.225 0.5733974359375 0.3266826921875 0.5733974359375 0.3266826921875 0.461858975
0 0.7447115390625 0.4522435890625 0.652403846875 0.4522435890625 0.652403846875 0.5403846156250001 0.7447115390625 0.5403846156250001 0.7447115390625 0.4522435890625
0 0.241346153125 0.6519230765625 0.1980769234375 0.6519230765625 0.1980769234375 0.7160256406250001 0.241346153125 0.7160256406250001 0.241346153125 0.6519230765625
0 0.6915865390625 0.661858975 0.6713942312500001 0.661858975 0.6713942312500001 0.7102564109375 0.6915865390625 0.7102564109375 0.6915865390625 0.661858975
0 0.906971153125 0.446794871875 0.7730769234375 0.446794871875 0.7730769234375 0.49519230781249995 0.906971153125 0.49519230781249995 0.906971153125 0.446794871875
0 0.821875 0.27019230781250003 0.6826923078125 0.27019230781250003 0.6826923078125 0.3830128203125 0.821875 0.3830128203125 0.821875 0.27019230781250003
0 0.72235576875 0.175 0.67860576875 0.175 0.67860576875 0.2246794875 0.72235576875 0.2246794875 0.72235576875 0.175