0 0.47579379531250005 0.433644721875 0.4040734671875 0.42610661250000004 0.388863234375 0.5708223 0.4605835640625 0.578360409375 0.47579379531250005 0.433644721875
0 0.4213654953125 0.0776075703125 0.326933728125 0.0676823921875 0.30833972187500003 0.24459253749999998 0.4027714890625 0.254517715625 0.4213654953125 0.0776075703125
0 0.408673740625 0.2351568140625 0.35966485000000004 0.2300057734375 0.3564485890625 0.2606064453125 0.4054574796875 0.2657574875 0.408673740625 0.2351568140625
0 0.8083382796875 0.503080334375 0.690956009375 0.490742959375 0.67440566875 0.6482089281250001 0.7917879390625 0.6605463015625 0.8083382796875 0.503080334375
0 0.7473776625 0.48055919999999996 0.628560984375 0.4680710640625 0.617672603125 0.5716670953125 0.7364892796875 0.58415523125 0.7473776625 0.48055919999999996
0 0.8439745265624999 0.8700334937499999 0.7992688546875 0.8653347374999999 0.794578475 0.9099607203125 0.839284146875 0.914659475 0.8439745265624999 0.8700334937499999
0 0.999586440625 0.164485584375 0.9558370375 0.15988733593749999 0.9494045171875 0.2210886828125 0.99315391875 0.22568693125 0.999586440625 0.164485584375
0 0.48738213437500005 0.033626229687499995 0.4240291765625 0.026967565625000002 0.415619996875 0.10697557656250001 0.4789729546875 0.11363424062500001 0.48738213437500005 0.033626229687499995
0 0.20693476249999998 0.4849892390625 0.189960953125 0.48320521875000005 0.186878703125 0.5125308656249999 0.2038525140625 0.514314884375 0.20693476249999998 0.4849892390625
0 0.6947977062499999 0.3300075921875 0.6620454234375 0.3265651890625 0.657087021875 0.37374122656250003 0.6898393046875 0.3771836296875 0.6947977062499999 0.3300075921875
0 0.073637834375 0.7252567421875 0.04973105625 0.7227440374999999 0.0467828171875 0.75079465625 0.07068959531249999 0.753307359375 0.073637834375 0.7252567421875
0 0.5511391421875 0.1560252703125 0.5236463484375 0.1531356609375 0.519056478125 0.196805371875 0.5465492703125 0.19969498125000001 0.5511391421875 0.1560252703125
0 0.4841954609375 0.5192869640625 0.45957148124999997 0.5166988796875 0.44335616875 0.670977278125 0.4679801484375 0.6735653625 0.4841954609375 0.5192869640625
0 0.561508646875 0.5403040406249999 0.5392753453125 0.5379672265625 0.5357575609375 0.5714367124999999 0.5579908625 0.5737735265625 0.561508646875 0.5403040406249999