0 0.3995583171875 0.1863205578125 0.46853819375 0.18511651093749998 0.46534417968749997 0.0021315640625 0.39636430312500004 0.0033356125 0.3995583171875 0.1863205578125
0 0.5110254921874999 0.30522663125 0.5427514296875 0.304672853125 0.5409502515625 0.20148344375 0.5092243140625 0.202037221875 0.5110254921874999 0.30522663125
0 0.6471070296875 0.2916316609375 0.7146448203125 0.290452784375 0.71248005 0.166433215625 0.6449422593749999 0.1676120921875 0.6471070296875 0.2916316609375
0 0.5251936109375 0.6348372578125 0.679497028125 0.63214388125 0.67648760625 0.459734246875 0.5221841890625 0.46242762187500003 0.5251936109375 0.6348372578125
0 0.4370820046875 1 0.4330134890625 0.76691485625 0.2436192625 0.7702207453125001 0.247630075 1 0.4370820046875 1
0 0.750375859375 0.519351234375 0.78065970625 0.518822628125 0.778942434375 0.42044017812499995 0.7486585875 0.420968784375 0.750375859375 0.519351234375
0 0.703502040625 0.49228055625 0.736670065625 0.49170160625000003 0.7361106937499999 0.45965520781249997 0.70294266875 0.46023415781250004 0.703502040625 0.49228055625
0 0.3848162765625 0.41610001875 0.498981578125 0.41410725625 0.49645321718749996 0.269257525 0.382287915625 0.2712502875 0.3848162765625 0.41610001875
0 0.639628503125 0.7309316515625001 0.6836121875 0.7301639140625 0.680602765625 0.5577542796875 0.63661908125 0.5585220171875 0.639628503125 0.7309316515625001
0 0.7665654 0.27608292031250004 0.7930036796875 0.2756214375 0.7918625609375 0.21024678125000001 0.76542428125 0.2107082625 0.7665654 0.27608292031250004
0 0.5532260531250001 0.29871990937500004 0.6092271390625 0.29774240625 0.6082818 0.2435839890625 0.5522807140625 0.24456149218749998 0.5532260531250001 0.29871990937500004