0 0.28356122500000003 0.49877744062499996 0.272053575 0.5016466187499999 0.287922615625 0.5652938625 0.2994302640625 0.5624246828125 0.28356122500000003 0.49877744062499996
0 0.2233157890625 0.26959669218750004 0.20724161093750001 0.27360443437500004 0.22545862187500001 0.346668871875 0.24153279843750003 0.3426611296875 0.2233157890625 0.26959669218750004
0 0.12464758125 0.118979325 0.0851927859375 0.128816509375 0.099604465625 0.1866185984375 0.1390592609375 0.17678141249999998 0.12464758125 0.118979325
0 0.1338289015625 0.938628678125 0.10314183750000001 0.946279821875 0.1142339734375 0.9907679453125 0.14492103750000002 0.9831168015625 0.1338289015625 0.938628678125
0 0.5755069109375001 0.6946779734375 0.5568754796875 0.6993233125 0.569829796875 0.7512802453125 0.5884612296875 0.7466349078125 0.5755069109375001 0.6946779734375
0 0.9688585218749999 0.6911118109375 0.9578988562499999 0.6938443624999999 0.964133121875 0.7188486359375 0.9750927875000001 0.7161160843750001 0.9688585218749999 0.6911118109375
0 0.9608923578124999 0.6451544593749999 0.9495673703125 0.647978096875 0.9609833625 0.69376514375 0.9723083515625 0.69094150625 0.9608923578124999 0.6451544593749999
0 0.6847932234375 0.291814628125 0.6628738921874999 0.29727973125 0.6698368375 0.32520658281250003 0.6917561703125 0.3197414796875 0.6847932234375 0.291814628125
0 0.9745094421875 0.48344218593750005 0.965559046875 0.48567376875 0.971631384375 0.5100285812500001 0.9805817781249999 0.5077969984374999 0.9745094421875 0.48344218593750005
0 0.7614015515625 0.349285721875 0.7498939015625 0.35215490156249996 0.7605812140625 0.3950193703125 0.7720888640625 0.392150190625 0.7614015515625 0.349285721875
0 0.75086656875 0.3864041421875 0.7355230359375 0.3902297140625 0.7436194859375 0.42270279843749997 0.7589630171875 0.41887722656250004 0.75086656875 0.3864041421875
0 0.8278118390625 0.232011853125 0.8095457296875 0.23656610625000002 0.8221761890625 0.287224115625 0.8404422984375 0.2826698640625 0.8278118390625 0.232011853125