0 0.577690971875 0.2947530859375 0.3561197921875 0.2947530859375 0.3561197921875 0.7241512343750001 0.577690971875 0.7241512343750001 0.577690971875 0.2947530859375
0 0.7180989578125 0.7384259265625001 0.49327256875 0.7384259265625001 0.49327256875 0.9996141968750001 0.7180989578125 0.9996141968750001 0.7180989578125 0.7384259265625001
0 0.9997829859375 0.2164351859375 0.7111545140625 0.2164351859375 0.7111545140625 0.9988425921875 0.9997829859375 0.9988425921875 0.9997829859375 0.2164351859375
0 0.591362846875 0.11419753125000001 0.29188368124999997 0.11419753125000001 0.29188368124999997 0.49382716093749995 0.591362846875 0.49382716093749995 0.591362846875 0.11419753125000001
0 0.3244357640625 0.3167438265625 0.16319444375 0.3167438265625 0.16319444375 0.4641203703125 0.3244357640625 0.4641203703125 0.3244357640625 0.3167438265625
0 0.7259114578125 0.621527778125 0.6095920140625 0.621527778125 0.6095920140625 0.7854938265625 0.7259114578125 0.7854938265625 0.7259114578125 0.621527778125
0 0.3763020828125 0.4957561734375 0.29644097187499996 0.4957561734375 0.29644097187499996 0.6971450625 0.3763020828125 0.6971450625 0.3763020828125 0.4957561734375
0 0.3958333328125 0.9413580250000001 0.3181423609375 0.9413580250000001 0.3181423609375 0.9988425921875 0.3958333328125 0.9988425921875 0.3958333328125 0.9413580250000001
0 0.15972222187500001 0.757330246875 0.111762153125 0.757330246875 0.111762153125 0.8356481484374999 0.15972222187500001 0.8356481484374999 0.15972222187500001 0.757330246875
0 0.162109375 0.8263888890625 0.1213107640625 0.8263888890625 0.1213107640625 0.9988425921875 0.162109375 0.9988425921875 0.162109375 0.8263888890625
0 0.5987413187499999 0.652777778125 0.5279947921875 0.652777778125 0.5279947921875 0.7727623453125 0.5987413187499999 0.7727623453125 0.5987413187499999 0.652777778125
0 0.044921875 0.900848765625 0.00021701406250000001 0.900848765625 0.00021701406250000001 0.95023148125 0.044921875 0.95023148125 0.044921875 0.900848765625