0 0.5880991734375 0.740826446875 0.378512396875 0.740826446875 0.378512396875 0.8575206609375 0.5880991734375 0.8575206609375 0.5880991734375 0.740826446875
0 0.743801653125 0.9586776859375 0.7127272734375001 0.9586776859375 0.7127272734375001 0.99933884375 0.743801653125 0.99933884375 0.743801653125 0.9586776859375
0 0.789752065625 0.9576859499999999 0.7431404953125 0.9576859499999999 0.7431404953125 0.989090909375 0.789752065625 0.989090909375 0.789752065625 0.9576859499999999
0 0.21851239687500001 0.6942148765625 0.180826446875 0.6942148765625 0.180826446875 0.7431404953125 0.21851239687500001 0.7431404953125 0.21851239687500001 0.6942148765625
0 0.146115703125 0.7180165296875 0.054876032812499996 0.7180165296875 0.054876032812499996 0.730909090625 0.146115703125 0.730909090625 0.146115703125 0.7180165296875
0 0.16760330625 0.6409917359375 0.149752065625 0.6409917359375 0.149752065625 0.6757024796875 0.16760330625 0.6757024796875 0.16760330625 0.6409917359375
0 0.0677685953125 0.68066115625 0.029752065625 0.68066115625 0.029752065625 0.6899173546874999 0.0677685953125 0.6899173546874999 0.0677685953125 0.68066115625
0 0.220826446875 0.618842975 0.1927272734375 0.618842975 0.1927272734375 0.6333884296875001 0.220826446875 0.6333884296875001 0.220826446875 0.618842975
0 0.33123966875 0.51768595 0.29586776875 0.51768595 0.29586776875 0.5269421484375 0.33123966875 0.5269421484375 0.33123966875 0.51768595
0 0.2647933890625 0.272066115625 0.23933884375 0.272066115625 0.23933884375 0.2872727265625 0.2647933890625 0.2872727265625 0.2647933890625 0.272066115625
0 0.1933884296875 0.2522314046875 0.117355371875 0.2522314046875 0.117355371875 0.27933884375 0.1933884296875 0.27933884375 0.1933884296875 0.2522314046875
0 0.218842975 0.2575206609375 0.189090909375 0.2575206609375 0.189090909375 0.2677685953125 0.218842975 0.2677685953125 0.218842975 0.2575206609375
0 0.25818181875 0.2416528921875 0.2224793390625 0.2416528921875 0.2224793390625 0.258842975 0.25818181875 0.258842975 0.25818181875 0.2416528921875
0 0.4330578515625 0.264462809375 0.3854545453125 0.264462809375 0.3854545453125 0.28132231406249997 0.4330578515625 0.28132231406249997 0.4330578515625 0.264462809375
0 0.43669421562500005 0.25355371875 0.4224793390625 0.25355371875 0.4224793390625 0.26181818125 0.43669421562500005 0.26181818125 0.43669421562500005 0.25355371875
0 0.466115703125 0.24429752031250002 0.4472727265625 0.24429752031250002 0.4472727265625 0.253223140625 0.466115703125 0.253223140625 0.466115703125 0.24429752031250002
0 0.58181818125 0.2459504125 0.5315702484375 0.2459504125 0.5315702484375 0.266776859375 0.58181818125 0.266776859375 0.58181818125 0.2459504125
0 0.59471074375 0.23107437968750003 0.54181818125 0.23107437968750003 0.54181818125 0.2522314046875 0.59471074375 0.2522314046875 0.59471074375 0.23107437968750003
0 0.6366942156250001 0.24363636406250003 0.5894214875 0.24363636406250003 0.5894214875 0.2624793390625 0.6366942156250001 0.2624793390625 0.6366942156250001 0.24363636406250003
0 0.6198347109375 0.383471075 0.5771900828125001 0.383471075 0.5771900828125001 0.39272727343749997 0.6198347109375 0.39272727343749997 0.6198347109375 0.383471075
0 0.5110743796875 0.5166942156250001 0.46512396718750004 0.5166942156250001 0.46512396718750004 0.5282644624999999 0.5110743796875 0.5282644624999999 0.5110743796875 0.5166942156250001
0 0.343801653125 0.7325619828125001 0.31966942187499997 0.7325619828125001 0.31966942187499997 0.7474380171874999 0.343801653125 0.7474380171874999 0.343801653125 0.7325619828125001
0 0.32297520625 0.7639669421875 0.2895867765625 0.7639669421875 0.2895867765625 0.79768595 0.32297520625 0.79768595 0.32297520625 0.7639669421875