0 0.5074978906250001 0.3115659875 0.152620415625 0.24258479375 0.09488686562500001 0.539598165625 0.4497643390625 0.6085793578125 0.5074978906250001 0.3115659875
0 0.6087472078125 0.32375935624999996 0.5498014578125 0.31230146406250003 0.5406077203125 0.3595991390625 0.599553471875 0.3710570328125 0.6087472078125 0.32375935624999996
0 0.541044125 0.1325629734375 0.399093134375 0.1049704953125 0.385146703125 0.1767186640625 0.52709769375 0.2043111421875 0.541044125 0.1325629734375
0 0.965536221875 0.2009328125 0.6291043562499999 0.13553708281250001 0.5984845375 0.2930623921875 0.934916403125 0.358458121875 0.965536221875 0.2009328125
0 0.2959030265625 0 0.2763367484375 0.100659778125 0.38741139375 0.122250503125 0.4072792140625 0.020039425 0.30418530781249997 0 0.2959030265625 0
0 0.14194125 0.019211596875 0.09502524531249999 0.010092048437499999 0.08918176875 0.0401541296875 0.1360977734375 0.049273678125 0.14194125 0.019211596875
0 0.13498073906250002 0.7508021859375 0.09407960625 0.7428518109375 0.08854778125 0.7713105812500001 0.1294489140625 0.77926095625 0.13498073906250002 0.7508021859375
0 0.071288509375 0.808721025 0.017956639062499998 0.798354359375 0.011567771875 0.8312222359374999 0.064899640625 0.8415889015625 0.071288509375 0.808721025
0 0.3778205484375 0.8416825765624999 0.3501521359375 0.8363043812500001 0.3445423984375 0.8651639796874999 0.372210809375 0.870542175 0.3778205484375 0.8416825765624999
0 0.4354604859375 0.8341678828125 0.40257918281249994 0.8277764046874999 0.397359009375 0.8546318656249999 0.43024031406249996 0.86102334375 0.4354604859375 0.8341678828125
0 0.5352533765625 0.7853461625 0.5099909125 0.7804356375 0.504381175 0.8092952359375 0.5296436390625 0.8142057609375 0.5352533765625 0.7853461625
0 0.551854128125 0.4965603140625 0.5342105015625 0.493130740625 0.5261854609375 0.534416 0.5438290859375 0.5378455734375 0.551854128125 0.4965603140625
0 0.5745568890625 0.5167802390625 0.54809145 0.5116358796875 0.5395989296875 0.5553261046875 0.56606436875 0.560470465625 0.5745568890625 0.5167802390625
0 0.6864792859375 0.3862898078125 0.5397163984375 0.35776199218750004 0.513459709375 0.4928409484375 0.660222596875 0.5213687640625 0.6864792859375 0.3862898078125
0 0.7162971875 0.0680432296875 0.6701831640625 0.059079571875 0.66340473125 0.0939515875 0.709518753125 0.1029152453125 0.7162971875 0.0680432296875
0 0.8691258640624999 0.063224396875 0.841056459375 0.0577682578125 0.8356804609375 0.0854253734375 0.8637498656249999 0.0908815125 0.8691258640624999 0.063224396875
0 0.9405209296875 0.3724426796875 0.9116495421874999 0.36683065 0.903936153125 0.40651259843750004 0.932807540625 0.41212462812500006 0.9405209296875 0.3724426796875
0 0.991941325 0.414051703125 0.9406144125000001 0.40407476249999996 0.933680153125 0.43974843124999996 0.9850070656250001 0.44972537343749996 0.991941325 0.414051703125
0 0.9094045656249999 0.48328254687500005 0.84885485 0.471512875 0.83857033125 0.524422140625 0.899120046875 0.5361918125 0.9094045656249999 0.48328254687500005
0 0.84560228125 0.389766 0.817532875 0.384309859375 0.8106765296875 0.419582703125 0.8387459343750001 0.4250388421875 0.84560228125 0.389766
0 0.7705856015625 0.6322552499999999 0.685575403125 0.615730940625 0.668668278125 0.702710565625 0.753678475 0.7192348734375 0.7705856015625 0.6322552499999999
0 0.6971002515625 0.6720475734375 0.6189069093749999 0.6568483265625 0.6074536953125 0.71577000625 0.6856470375 0.7309692515624999 0.6971002515625 0.6720475734375
0 0.353769475 0.5757767796875 0.2912148015625 0.5636173828125 0.2796836734375 0.6229398921875 0.342238346875 0.6350992890625 0.353769475 0.5757767796875
0 0.528248553125 0.6329865390625 0.38148566562499997 0.6044587234375001 0.3464248046875 0.7848312156249999 0.4931876921875 0.8133590312500001 0.528248553125 0.6329865390625
0 0.9784540187499999 0.58405863125 0.9271271078125001 0.574081690625 0.917154240625 0.62538764375 0.9684811515625 0.635364584375 0.9784540187499999 0.58405863125
0 0.7424620734375 0.87969988125 0.7047688734374999 0.8723730640625 0.6995487015624999 0.8992285234375 0.7372419015625 0.906555340625 0.7424620734375 0.87969988125
0 0.9087789953125001 0.9532098937500001 0.8803085984375001 0.947675809375 0.8754779906250001 0.97252713125 0.9039483875000001 0.9780612156249999 0.9087789953125001 0.9532098937500001
0 0.9200846703125001 0.954991521875 0.8996341031249999 0.951016334375 0.8914532359375 0.9931032484375001 0.9119038015625 0.9970784359374999 0.9200846703125001 0.954991521875
0 0.9834665093750001 0.34418487343750004 0.9349465390624999 0.3347535453125 0.9252853234374999 0.3844561875 0.9738052953125 0.3938875140625 0.9834665093750001 0.34418487343750004