0 0.2797239078125 0.43129389375000005 0.2302421453125 0.4225689234375 0.21690641875 0.4981995828125 0.26638818125 0.506924553125 0.2797239078125 0.43129389375000005
0 0.52633830625 0.12302957656249999 0.4961665 0.1177094734375 0.4841785328125 0.1856966109375 0.5143503390624999 0.1910167140625 0.52633830625 0.12302957656249999
0 0.45497239218749996 0.360154509375 0.39734424375 0.3499931125 0.385640015625 0.41637108593749994 0.44326816406249997 0.4265324828125 0.45497239218749996 0.360154509375
0 0.5458424859375001 0.3741033671875 0.513558653125 0.36841085625000003 0.499726384375 0.446857553125 0.532010215625 0.45255006406250003 0.5458424859375001 0.3741033671875
0 0.573934975 0.4864896296875 0.5485906593750001 0.48202074375 0.53497119375 0.5592605671875 0.5603155109375 0.563729453125 0.573934975 0.4864896296875
0 0.660125340625 0.5410931703124999 0.6384016406249999 0.5372626953124999 0.6254205875000001 0.6108819015625 0.6471442890625 0.6147123765625 0.660125340625 0.5410931703124999
0 0.6908338781250001 0.4498598734375 0.6700153328125 0.4461890015625 0.6557574546875 0.52704944375 0.6765760000000001 0.5307203140625 0.6908338781250001 0.4498598734375
0 0.7304589625 0.41038941875 0.7011923109375 0.40522891874999994 0.6877147156250001 0.4816641609375 0.7169813671874999 0.48682466093750004 0.7304589625 0.41038941875
0 0.7368767796875 0.488673565625 0.6943345328125 0.4811722203125 0.6808569375 0.5576074609375 0.7233991843750001 0.5651088078125001 0.7368767796875 0.488673565625
0 0.7696133390625 0.4318113390625 0.7189247062499999 0.42287356562499995 0.7075751515625 0.48724008437500005 0.7582637859375 0.4961778578125 0.7696133390625 0.4318113390625
0 0.5585293765625 0.4821140125 0.5168922828125 0.4747722703125 0.5030600140625 0.553218965625 0.54469710625 0.560560709375 0.5585293765625 0.4821140125
0 0.5458663578125 0.41807621250000004 0.49970349374999995 0.4099364546875 0.48906328749999994 0.470280065625 0.53522615 0.478419825 0.5458663578125 0.41807621250000004
0 0.5883687171875 0.3940458421875 0.5376800828125 0.38510806875000003 0.527039875 0.44545168124999995 0.5777285109375 0.4543894546875 0.5883687171875 0.3940458421875
0 0.6616852234375 0.399921946875 0.5922900703125 0.3876857078125 0.5765425640624999 0.4769942546875 0.6459377171875 0.48923049374999994 0.6616852234375 0.399921946875
0 0.62428888125 0.5132047156249999 0.5711865015625001 0.5038413328125 0.5650151812499999 0.538840628125 0.6181175609375 0.5482040109375 0.62428888125 0.5132047156249999
0 0.6166530859375 0.482407628125 0.581955509375 0.47628950937500003 0.5757132546875 0.5116910953125 0.6104108312500001 0.5178092140625 0.6166530859375 0.482407628125