0 0.4618707671875 0.45542640624999997 0.404584540625 0.44429109218749996 0.367418934375 0.6354915671875 0.42470515937500003 0.64662688125 0.4618707671875 0.45542640624999997
0 0.578995846875 0.4369399625 0.5300253640625 0.4274210640625 0.50914365625 0.5348481359374999 0.5581141390625 0.544367034375 0.578995846875 0.4369399625
0 0.5322564562500001 0.42580912968750007 0.5006566375 0.41966674687500005 0.4793917796875 0.5290649578125 0.5109915984375 0.535207340625 0.5322564562500001 0.42580912968750007
0 0.5374238703125 0.3163503171875 0.47422422812500004 0.30406555156250004 0.45206535312499996 0.4180630859375 0.51526499375 0.4303478515625 0.5374238703125 0.3163503171875
0 0.4697823859375 0.304224953125 0.45869472812499995 0.30206973125 0.45473550625000003 0.322438165625 0.4658231625 0.3245933890625 0.4697823859375 0.304224953125
0 0.61742676875 0.26882815 0.609111025 0.2672117328125 0.603874634375 0.29415063125 0.6121903765625001 0.2957670484375 0.61742676875 0.26882815
0 0.55203164375 0.280664015625 0.546857403125 0.2796582453125 0.5418125875 0.3056115734375 0.546986828125 0.30661734375 0.55203164375 0.280664015625
0 0.2899842453125 0.045280798437500006 0.282592475 0.0438439828125 0.2788886859375 0.0628983265625 0.28628045625 0.0643351421875 0.2899842453125 0.045280798437500006
0 0.3080641328125 0.04402206875 0.30270509843750004 0.042980378125 0.299001309375 0.0620347203125 0.30436034375 0.06307641093750001 0.3080641328125 0.04402206875
0 0.44006885625000003 0.106843209375 0.43655776562500004 0.106160721875 0.432151534375 0.1288288203125 0.43566262499999997 0.1295113078125 0.44006885625000003 0.106843209375
0 0.6603645125 0.0814771515625 0.6531575359375 0.08007625625 0.6481127203125 0.1060295875 0.655319696875 0.10743048125000002 0.6603645125 0.0814771515625
0 0.709045071875 0.051050184374999995 0.701838096875 0.049649290624999995 0.6961546953125 0.0788878515625 0.703361671875 0.08028874531249999 0.709045071875 0.051050184374999995
0 0.7576482578125 0.13448079375 0.7467453953125001 0.13236149218749999 0.7422114468750001 0.1556866359375 0.753114309375 0.1578059375 0.7576482578125 0.13448079375
0 0.9279946734375001 0.172706821875 0.9106240109374999 0.1693303078125 0.9048767515625 0.1988973921875 0.9222474140625 0.20227390625 0.9279946734375001 0.172706821875
0 0.921907778125 0.20698099062500003 0.9091569734375 0.20450248593749998 0.9022602624999999 0.2399829859375 0.9150110671875 0.2424614921875 0.921907778125 0.20698099062500003
0 0.906169234375 0.32938616718749997 0.890276928125 0.326297015625 0.8828054921874999 0.36473422499999997 0.8986977984375001 0.367823375 0.906169234375 0.32938616718749997
0 0.9694316125 0.3600936703125 0.948180271875 0.355962828125 0.9422414375000001 0.38651548125 0.9634927781249999 0.3906463234375 0.9694316125 0.3600936703125
0 0.6528620921875 0.356858840625 0.6419592296875 0.3547395390625 0.637361421875 0.37839320625 0.6482642843749999 0.3805125078125 0.6528620921875 0.356858840625
0 0.7198542140625 0.2716912296875 0.71079929375 0.2699311328125 0.7046050265625 0.30179787812500003 0.713659946875 0.3035579765625 0.7198542140625 0.2716912296875
0 0.7227787234374999 0.30498955 0.7070712109375 0.30193631875000004 0.70202639375 0.3278896484375 0.7177339078125 0.33094287968749997 0.7227787234374999 0.30498955
0 0.7154853 0.3444841703125 0.700701759375 0.34161054062499996 0.6975726953125 0.3577081734375 0.7123562375 0.360581803125 0.7154853 0.3444841703125
0 0.7374249390625 0.30067683125 0.720423865625 0.29737215781250004 0.7155067671875 0.322668440625 0.7325078390625 0.3259731140625 0.7374249390625 0.30067683125
0 0.9068750906249999 0.3810047046875 0.8797103328125001 0.37572441093750003 0.87287748125 0.4108763875 0.9000422390624999 0.4161566828125 0.9068750906249999 0.3810047046875
0 0.9571086875000001 0.5626008578125 0.93715090625 0.5587214578124999 0.9301903375 0.59453048125 0.9501481187499999 0.59840988125 0.9571086875000001 0.5626008578125
0 0.9035782546875 0.561741803125 0.8793702046874999 0.557036234375 0.87700744375 0.5691915921875 0.9012154921875 0.573897159375 0.9035782546875 0.561741803125
0 0.858009828125 0.634367896875 0.8397151953125 0.6308117796875 0.8344149453125 0.658079203125 0.852709578125 0.6616353187499999 0.858009828125 0.634367896875
0 0.6984441718750001 0.5051619140625 0.6849541890624999 0.5025397265625 0.6798455140625 0.528821578125 0.693335496875 0.531443765625 0.6984441718750001 0.5051619140625
0 0.673011540625 0.5827248171875 0.65915196875 0.5800307890624999 0.6533408515625 0.6099263968749999 0.6672004234375 0.6126204234375 0.673011540625 0.5827248171875
0 0.659446428125 0.6564576843750001 0.6455868578125 0.65376365625 0.640414325 0.6803740328125001 0.6542738953125 0.6830680609375 0.659446428125 0.6564576843750001
0 0.7204895671875 0.6591179984375 0.7127282078125 0.6576093421875 0.7062146484375 0.6911187046875 0.7139760078124999 0.6926273609375 0.7204895671875 0.6591179984375
0 0.631479803125 0.7440970453125 0.613000375 0.7405050078125 0.60897729375 0.7612019671875 0.627456721875 0.764794003125 0.631479803125 0.7440970453125
0 0.526423471875 0.8770973515625 0.5136726671875 0.874618846875 0.5084362765625 0.9015577453124999 0.52118708125 0.9040362515625 0.526423471875 0.8770973515625
0 0.4677821203125 0.940022671875 0.45484652187499997 0.9375082453125 0.45056800625 0.959519296875 0.46350360625000003 0.962033721875 0.4677821203125 0.940022671875
0 0.3968210734375 0.8147431765625001 0.3879509484375 0.8130189984375 0.3823952640625 0.8416005125 0.391265390625 0.843324690625 0.3968210734375 0.8147431765625001
0 0.3446152765625 0.8001632296875 0.3370387125 0.7986904953125 0.33288791406249996 0.8200445000000001 0.3404644796875 0.821517234375 0.3446152765625 0.8001632296875
0 0.286802915625 0.7660829359375 0.2740521109375 0.7636044296875 0.26913501093750003 0.7889007125 0.28188581562500004 0.7913792187500001 0.286802915625 0.7660829359375
0 0.1368114875 0.551117446875 0.12923492187500002 0.5496447125 0.12731916875 0.55950040625 0.134895734375 0.5609731421874999 0.1368114875 0.551117446875
0 0.1186146171875 0.5421253593750001 0.109374903125 0.540329340625 0.10675670781249999 0.5537987906249999 0.115996421875 0.5555948093749999 0.1186146171875 0.5421253593750001
0 0.47747485625 0.44618583906250003 0.47045267500000004 0.44482086406250004 0.464769275 0.4740594265625 0.47179145624999996 0.47542439999999997 0.47747485625 0.44618583906250003
0 0.45356804687499996 0.5168856765625 0.4471002484375 0.5156284640625 0.44224700781250004 0.5405962234375 0.44871480625000004 0.5418534359375 0.45356804687499996 0.5168856765625