0 0.5919132625 0.23696880468749998 0.5013882484375001 0.24171302031250003 0.5062606859375001 0.33468465625 0.5967857000000001 0.329940440625 0.5919132625 0.23696880468749998
0 0.8535653953125 0.9306364171875 0.8091184296874999 0.9329657843750001 0.8117897218750001 0.9839370765625001 0.8562366875 0.981607709375 0.8535653953125 0.9306364171875
0 0.7270082171875 0.5443254203125 0.6805223984375 0.5467616390625001 0.6822747671875 0.5801988062500001 0.728760584375 0.5777625875 0.7270082171875 0.5443254203125
0 0.60156628125 0.54599286875 0.577915603125 0.5472323484375 0.5798175624999999 0.5835239078125001 0.6034682421875 0.582284428125 0.60156628125 0.54599286875
0 0.6906421875000001 0.30294155312500004 0.634777653125 0.3058692890625 0.6383037578125 0.37315139375 0.6941682921875 0.3702236578125 0.6906421875000001 0.30294155312500004
0 0.6202169093750001 0.2542944265625 0.60961488125 0.25485005625 0.6108116203125 0.2776851953125 0.6214136484375 0.277129565625 0.6202169093750001 0.2542944265625
0 0.6299300531250001 0.19776741250000002 0.5952695765625 0.19958389062499998 0.5975775718749999 0.2436230859375 0.63223805 0.2418066078125 0.6299300531250001 0.19776741250000002
0 0.4634910546875 0.033529512500000004 0.42597618437499996 0.035495584375 0.42779266250000003 0.0701560625 0.46530753281250004 0.0681899921875 0.4634910546875 0.033529512500000004
0 0.48628345156249997 0.031517234374999994 0.461001690625 0.0328421953125 0.4620702078125 0.0532307109375 0.48735196875 0.051905749999999994 0.48628345156249997 0.031517234374999994
0 0.5747719109375 0.1127467140625 0.560092178125 0.11351604687500001 0.5615026203125 0.1404288875 0.576182353125 0.1396595546875 0.5747719109375 0.1127467140625
0 0.593095003125 0.134684296875 0.5743375671875001 0.1356673328125 0.5763891203125 0.17481328437500002 0.5951465546875 0.1738302484375 0.593095003125 0.134684296875
0 0.85382015 0.6546221140624999 0.7979556156250001 0.65754985 0.8002636125 0.7015890453125 0.8561281468749999 0.698661309375 0.85382015 0.6546221140624999
0 0.6636420421875 0.8878430296875001 0.6395835937500001 0.8891038796874999 0.6425327000000001 0.9453761859375 0.6665911484375 0.9441153359375001 0.6636420421875 0.8878430296875001
0 0.6682204953124999 0.9517988609374999 0.658434009375 0.95231175 0.6592888218749999 0.9686225625 0.6690753093749999 0.9681096734375 0.6682204953124999 0.9517988609374999
0 0.8594249453125 0.8317867703124999 0.8316965625 0.8332399531249999 0.8333634484375001 0.8650460375 0.8610918312500001 0.8635928546875 0.8594249453125 0.8317867703124999
0 0.7954148421875 0.6948920249999999 0.761977675 0.6966443921875001 0.7650122640625 0.754547778125 0.79844943125 0.7527954109375 0.7954148421875 0.6948920249999999
0 0.642664996875 0.7372440890624999 0.616159925 0.7386331625 0.6180191453125 0.7741091796874999 0.644524215625 0.7727201078125 0.642664996875 0.7372440890624999
0 0.5195466640624999 0.713029675 0.5122067968749999 0.713414340625 0.5126342046875 0.7215697484375 0.5199740703125 0.72118508125 0.5195466640624999 0.713029675
0 0.73503423125 0.6428562484375 0.7175001062499999 0.643775171875 0.7188464375 0.6694647015624999 0.7363805625000001 0.6685457765625 0.73503423125 0.6428562484375
0 0.6312769031250001 0.6057693468750001 0.6227137265625 0.6062181234375 0.6232052453125 0.6155968421875 0.631768421875 0.6151480640625 0.6312769031250001 0.6057693468750001
0 0.5614812062500001 0.428697671875 0.5370149859375 0.42997989218750005 0.539173390625 0.47116469375000003 0.563639609375 0.4698824734375 0.5614812062500001 0.428697671875
0 0.7314007109375 0.479899440625 0.685730434375 0.48229291874999997 0.6895129843750001 0.5544682671875 0.7351832593750001 0.552074790625 0.7314007109375 0.479899440625
0 0.7098402921875 0.44300257812500005 0.6861896140625 0.4442420578125 0.6872153890625 0.46381503281249997 0.7108660687499999 0.46257555312500004 0.7098402921875 0.44300257812500005
0 0.6409230765625 0.368516328125 0.6217578703125 0.369520734375 0.6228050171875 0.3895014796875 0.6419702234375 0.38849707499999997 0.6409230765625 0.368516328125
0 0.5530508890625 0.3146502015625 0.5216525734374999 0.3162957171875 0.5238537187500001 0.3582960609375 0.555252034375 0.3566505453125 0.5530508890625 0.3146502015625
0 0.63270243125 0.1804487265625 0.6078284421875 0.1817523171875 0.6100509578125 0.22416043125 0.634924946875 0.222856840625 0.63270243125 0.1804487265625
0 0.555370459375 0.21067050312500002 0.5337586328125 0.21180312968749998 0.5348485203125 0.23259941562500003 0.556460346875 0.2314667875 0.555370459375 0.21067050312500002
0 0.5045608984375 0.16181314062500002 0.49069670781249997 0.16253973125 0.4919148171875 0.185782640625 0.5057790078125 0.1850560484375 0.5045608984375 0.16181314062500002
0 0.5589098734375 0.1221647046875 0.5446379125 0.122912665625 0.5457064296875 0.14330118281249998 0.559978390625 0.1425532203125 0.5589098734375 0.1221647046875
0 0.5428249015625 0.072714175 0.5265140890625 0.0735689890625 0.5282023453125 0.10578284375 0.5445131578125 0.10492803125000001 0.5428249015625 0.072714175
0 0.5692121546875 0.022264440625 0.5459692453125 0.023482549999999998 0.546674465625 0.0369389703125 0.569917375 0.0357208609375 0.5692121546875 0.022264440625
0 0.4594630265625 0.00348273125 0.442336671875 0.004380285937500001 0.4425290046875 0.008050218750000001 0.459655359375 0.0071526640624999995 0.4594630265625 0.00348273125
0 0.459740840625 0.0087837453125 0.44587665000000004 0.0095103375 0.44632542812500003 0.0180735140625 0.46018961875000003 0.017346921874999997 0.459740840625 0.0087837453125
0 0.60905751875 0.252017034375 0.5984554890625 0.2525726625 0.598797415625 0.2590969890625 0.60939944375 0.258541359375 0.60905751875 0.252017034375
0 0.6483732171875001 0.6433090546875 0.6210526062499999 0.6447408671875 0.624044453125 0.7018287140624999 0.6513650656250001 0.7003969015625 0.6483732171875001 0.6433090546875