0 0.43024654375000004 0.4723781546875 0.389959259375 0.46885347343749995 0.3871477828125 0.5009887875000001 0.42743506875000004 0.50451346875 0.43024654375000004 0.4723781546875
0 0.8496632625 0.43570210937500004 0.8048996125000001 0.431785796875 0.8026575484375 0.4574126921875 0.8474212 0.4613290046875 0.8496632625 0.43570210937500004
0 0.45355989531249996 0.3793234015625 0.42385310781249996 0.37672439375 0.42189575 0.39909708125 0.4516025375 0.4016960890625 0.45355989531249996 0.3793234015625
0 0.65310238125 0.4701513609375 0.6339760953125 0.468478028125 0.6325881515625 0.48434229531249995 0.6517144375 0.4860156296875 0.65310238125 0.4701513609375
0 0.7142613640625 0.380407671875 0.6918795390625 0.378449515625 0.69045600625 0.394720559375 0.71283783125 0.396678715625 0.7142613640625 0.380407671875
0 0.6789889140625001 0.3617459234375 0.673291721875 0.361247484375 0.6714055421875 0.38280661875 0.677102734375 0.3833050578125 0.6789889140625001 0.3617459234375
0 0.5467372703125 0.44854892812499997 0.5300526359375 0.4470892125 0.5291273390625 0.457665390625 0.5458119734375 0.45912510781250004 0.5467372703125 0.44854892812499997
0 0.5114834046875 0.39217895625 0.48218356093750003 0.3896155515625 0.480439734375 0.40954758125 0.509739578125 0.4121109859375 0.5114834046875 0.39217895625
0 0.47932102499999996 0.41764750156249997 0.4508350671875 0.415155303125 0.44926918125000004 0.43305345156249997 0.47775514062499996 0.43554565 0.47932102499999996 0.41764750156249997
0 0.4429855734375 0.40176198125000007 0.41816209375 0.3995902078125 0.416062384375 0.4235899984375 0.44088586406249997 0.42576177031249995 0.4429855734375 0.40176198125000007
0 0.49748178281250005 0.439730846875 0.4869012828125 0.438805171875 0.48569128125 0.452635559375 0.49627178125000004 0.45356123281249994 0.49748178281250005 0.439730846875
0 0.3894177734375 0.310998571875 0.37639562031249996 0.30985927968750004 0.375470325 0.320435459375 0.388492478125 0.32157475 0.3894177734375 0.310998571875
0 0.9822909078125001 0.339914428125 0.9293884109375 0.335286059375 0.9249398734375 0.386133071875 0.9778423703125 0.390761440625 0.9822909078125001 0.339914428125
0 0.62878475 0.7340422484375 0.6198320203125001 0.7332589875 0.61922701875 0.74017418125 0.6281797484375 0.7409574437499999 0.62878475 0.7340422484375
0 0.597057190625 0.7029840593750001 0.5844419796875 0.7018803703125001 0.5830896234375 0.7173378625 0.595704834375 0.7184415515625 0.597057190625 0.7029840593750001
0 0.48026317343749997 0.7677757187500001 0.4534049828125 0.7654259328124999 0.45237292343749996 0.7772224390625 0.4792311140625 0.7795722265625 0.48026317343749997 0.7677757187500001
0 0.3879259796875 0.717068734375 0.3582191921875 0.714469728125 0.3561194828125 0.73846951875 0.3858262703125 0.741068525 0.3879259796875 0.717068734375
0 0.1392471265625 0.66293086875 0.064776690625 0.6564155484375 0.061431389062499994 0.6946525046875001 0.1359018265625 0.7011678234375001 0.1392471265625 0.66293086875
0 0.21449739218750002 0.702715478125 0.178686471875 0.699582428125 0.1762308796875 0.72764998125 0.2120418 0.73078303125 0.21449739218750002 0.702715478125
0 0.20498142656249999 0.7318048859374999 0.18504125625 0.730060346875 0.184365078125 0.73778909375 0.20430525 0.7395336312499999 0.20498142656249999 0.7318048859374999
0 0.084769403125 0.80285574375 0.0566903859375 0.8003991484374999 0.055266853125 0.8166701921874999 0.083345871875 0.8191267874999999 0.084769403125 0.80285574375
0 0.4719668046875 0.11737473125 0.46301407499999997 0.11659146875 0.4624446625 0.12309988593750001 0.4713973921875 0.12388314843749999 0.4719668046875 0.11737473125
0 0.13180314375 0.40117987499999996 0.12407124218750001 0.400503421875 0.12175800156250001 0.42694386875 0.1294899046875 0.427620321875 0.13180314375 0.40117987499999996
0 0.018448837500000002 0.379785746875 0.00949610625 0.37900248593749997 0.005688159375 0.4225275296875 0.0146408890625 0.4233107921875 0.018448837500000002 0.379785746875
0 0.06358537343750001 0.416935746875 0.052597931249999993 0.4159744703125 0.051387928125 0.429804859375 0.0623753703125 0.4307661359375 0.06358537343750001 0.416935746875
0 0.293493821875 0.4653325171875 0.2715189390625 0.4634099640625 0.270344525 0.47683357656250003 0.2923194078125 0.47875612968750003 0.293493821875 0.4653325171875
0 0.46351665625000005 0.7482754421875 0.4500875609375 0.7471005484375 0.44962491406250005 0.7523886390625 0.46305400781249995 0.75356353125 0.46351665625000005 0.7482754421875
0 0.55678379375 0.77897919375 0.5201589890625 0.7757749375 0.5174186890625 0.807096696875 0.5540434953125 0.8103009515625 0.55678379375 0.77897919375