0 1 0.29255468281249997 0.8961453484374999 0.2723673828125 0.8444067562500001 0.53853936875 0.9958982593749999 0.5679863328125 1 0.54688470625 1 0.29255468281249997
0 0.9341103484375 0.568383428125 0.83594763125 0.5493025281249999 0.8160105375000001 0.651869984375 0.9141732546875 0.6709508828125 0.9341103484375 0.568383428125
0 0.22377075781250003 0.6196842203124999 0.16808229218749998 0.6088594781250001 0.153588146875 0.683425390625 0.2092766125 0.69425013125 0.22377075781250003 0.6196842203124999
0 0.1289996984375 0.3299313171875 0.0862894765625 0.3216292921875 0.0692267484375 0.409409415625 0.11193697031250001 0.4177114421875 0.1289996984375 0.3299313171875
0 0.127764753125 0.5693509015625 0.0845825953125 0.560957140625 0.07412479375 0.6147578609375 0.11730695312499999 0.6231516218750001 0.127764753125 0.5693509015625
0 0.3598906734375 0.38428081718749996 0.3119891546875 0.37496970625000003 0.2987793015625 0.4429285125 0.34668082031249997 0.4522396234375 0.3598906734375 0.38428081718749996
0 0.6206872296875 0.142419996875 0.54187389375 0.1271002359375 0.5232210921875 0.22306058437499998 0.602034428125 0.23838034531250002 0.6206872296875 0.142419996875
0 0.7792236265625 0.044917228125 0.773780678125 0.072918771875 0.8035126546875 0.0786980828125 0.808955603125 0.050696537500000007 0.7792236265625 0.044917228125
0 0.6033631609375 0.3852424046875 0.5653723015625001 0.3778577296875 0.561702896875 0.3967351765625 0.5996937578125 0.404119853125 0.6033631609375 0.3852424046875
0 0.6204772968750001 0.28082017656249997 0.6058472765625 0.2779763875 0.602177871875 0.296853834375 0.61680789375 0.299697621875 0.6204772968750001 0.28082017656249997
0 0.563899090625 0.297249475 0.5528085921875 0.2950937 0.5496284421875 0.3114541515625 0.5607189421875 0.3136099265625 0.563899090625 0.297249475
0 0.53708549375 0.706054353125 0.5139606234375 0.7015593328125 0.5106581593749999 0.718549034375 0.53378303125 0.723044053125 0.53708549375 0.706054353125
0 0.2954856125 0.7433321265624999 0.288406571875 0.7419561015625 0.28504295156250004 0.7592604265625 0.2921219921875 0.7606364515624999 0.2954856125 0.7433321265624999
0 0.849050425 0.728818828125 0.8386678296875001 0.72680065625 0.8350595828125 0.7453634765625 0.845442178125 0.74738165 0.849050425 0.728818828125