0 0.7297192421875 0.063087925 0.58473485 0.096560209375 0.6356372359375 0.317042665625 0.780621628125 0.28357038125 0.7297192421875 0.063087925
0 0.624528659375 0.21335849218749997 0.5587118359375001 0.22855350312499997 0.5799091468750001 0.32036914375 0.6457259703125 0.3051741328125 0.624528659375 0.21335849218749997
0 0.884267490625 0.18431375781249998 0.701573103125 0.22649208125000003 0.7387765468749999 0.3876379 0.921470934375 0.34545957656250004 0.884267490625 0.18431375781249998
0 0.9076696671875 0.34765902031249996 0.838339490625 0.36366515312500003 0.854561921875 0.43393222500000006 0.9238921 0.4179260921875 0.9076696671875 0.34765902031249996
0 0.9694121640625 0.6909663609375001 0.938494653125 0.69810423125 0.9482281125 0.7402644734375 0.9791456234375 0.733126603125 0.9694121640625 0.6909663609375001
0 0.848341415625 0.386684684375 0.6918800671875001 0.4228066328125 0.77775080625 0.7947536687500001 0.9342121546875 0.7586317203124999 0.848341415625 0.386684684375
0 0.710983025 0.660498875 0.6489137796875 0.6748286890624999 0.69311089375 0.8662674234375001 0.7551801390625 0.851937609375 0.710983025 0.660498875
0 0.46440388749999995 0.378943165625 0.34776055 0.4058724015625 0.3874874828125 0.577948653125 0.5041308203125 0.5510194171875 0.46440388749999995 0.378943165625
0 0.543397990625 0.6238608390625 0.42394396875 0.651438971875 0.45090925625 0.7682384609375 0.5703632765625 0.7406603281249999 0.543397990625 0.6238608390625
0 0.4273707578125 0.4963732765625 0.3158803375 0.5221128687500001 0.3735600953125 0.771951346875 0.48505051562499996 0.7462117546875 0.4273707578125 0.4963732765625
0 0.39080005 0.5495526234375 0.2638508734375 0.57886115 0.3296778953125 0.8639893125 0.45662707343750003 0.8346807859375 0.39080005 0.5495526234375
0 0.41812713281249997 0.29818066875000004 0.35371565 0.31305123125 0.38421382187500003 0.44515332656249995 0.44862530468750006 0.4302827640625 0.41812713281249997 0.29818066875000004
0 0.3443424421875 0.46159512031250005 0.29515549218750003 0.47295082187500004 0.3121710203125 0.5466531734375 0.3613579703125 0.5352974703125 0.3443424421875 0.46159512031250005
0 0.9172603796875001 0.21288054843749998 0.8755685828124999 0.2225058578125 0.884148446875 0.25966933124999997 0.92584024375 0.250044021875 0.9172603796875001 0.21288054843749998
0 0.67170918125 0.7083813046875 0.6351703046875 0.7168169703125 0.6512485359375 0.78645944375 0.6877874140625 0.7780237796875 0.67170918125 0.7083813046875