0 0.8300600171875001 0.397795715625 0.9648649640625001 0.41434768125000004 0.9854108859374999 0.24701457968749999 0.8506059390624999 0.2304626140625 0.8300600171875001 0.397795715625
0 0.8496943874999999 0.77834561875 0.9363035828124999 0.7889798906250001 0.9686848921875001 0.5252552859375 0.8820756968750001 0.5146210140624999 0.8496943874999999 0.77834561875
0 0.63784666875 0.5805406453125 0.749746703125 0.5942802421875 0.7740815109375 0.3960891375 0.6621814765625 0.38234954062500004 0.63784666875 0.5805406453125
0 0.705797446875 0.3663922 0.8482373640624999 0.38388162187499997 0.8705019546875 0.202551075 0.7280620375 0.185061653125 0.705797446875 0.3663922
0 0.5918948562499999 0.4005217734375 0.7135771953125001 0.41546248593749996 0.7310763828125 0.2729430390625 0.60939404375 0.258002325 0.5918948562499999 0.4005217734375
0 0.758506665625 0.10871566875000001 0.803123521875 0.1141939296875 0.809529475 0.062021632812500005 0.7649126171875 0.056543371875000005 0.758506665625 0.10871566875000001
0 0.40184932656249994 0.3742808375 0.48487962968750004 0.38447567656250003 0.492301159375 0.3240321609375 0.40927085781250006 0.313837321875 0.40184932656249994 0.3742808375
0 0 0.6259012125 0.17600206406250002 0.6475115484375 0.2069771890625 0.3952394015625 0.0246922703125 0.372857628125 0 0.5739600296875 0 0.6259012125
0 0.298043625 0.7542055953125 0.3493410828125 0.76050413125 0.3646919328125 0.6354814921874999 0.313394475 0.62918295625 0.298043625 0.7542055953125
0 0.3251286875 0.9419184375 0.5035961203125 0.9638314828125001 0.5244935875000001 0.79363526875 0.3460261546875 0.7717222234375 0.3251286875 0.9419184375
0 0.5279854625 0.6448750624999999 0.643225796875 0.659024796875 0.664631053125 0.48469297187500004 0.54939071875 0.4705432375 0.5279854625 0.6448750624999999
0 0.413147325 0.26845867968750003 0.43939253593750005 0.2716811859375 0.444821971875 0.22746198125 0.41857676093749996 0.224239475 0.413147325 0.26845867968750003