0 0.48218253437499997 0.351866284375 0.26036733437500004 0.29656154375 0.186860296875 0.5913821671874999 0.40867549687500004 0.6466869078124999 0.48218253437499997 0.351866284375
0 0.5771948375 0.382162009375 0.45590787187500004 0.35192177187499996 0.417293415625 0.506795896875 0.53858038125 0.537036134375 0.5771948375 0.382162009375
0 0.7234234734375 0.14841515 0.6247611921875 0.1238158796875 0.5952188078125 0.24230391562500003 0.6938810890625 0.2669031859375 0.7234234734375 0.14841515
0 0.7311566921875 0.08460860625 0.6098697265624999 0.05436836874999999 0.589942184375 0.1342933703125 0.7112291515625 0.16453360625 0.7311566921875 0.08460860625
0 0.7080539984375 0.67508486875 0.57930321875 0.6429836953125 0.5513891546874999 0.7549408921875 0.680139934375 0.7870420671875 0.7080539984375 0.67508486875
0 0.6142121015625001 0.5288066 0.5311771796875 0.50810366875 0.5191586234375001 0.5563074625 0.6021935453125 0.57701039375 0.6142121015625001 0.5288066
0 0.744104446875 0.3993332078125 0.674597684375 0.382003225 0.6528867453125 0.46908104687499996 0.7223935078125 0.48641102812500003 0.744104446875 0.3993332078125
0 0.6919791796875 0.45537481875 0.6509282062499999 0.44513966250000003 0.6399176578125 0.4893005578125 0.6809686312500001 0.49953571406249997 0.6919791796875 0.45537481875
0 0.555445640625 1 0.57373021875 0.9266645625000001 0.2992018359375 0.8582169484375 0.274699490625 0.9564904890625 0.449206609375 1 0.555445640625 1
0 0.575928915625 0.592923978125 0.5619342640625 0.5894347203125 0.5554209828125 0.6155580656249999 0.5694156328125 0.619047325 0.575928915625 0.592923978125
0 0.7472242062500001 0.046993751562500005 0.6940445375000001 0.033734571875 0.6754351609375 0.1083727046875 0.7286148296875 0.1216318859375 0.7472242062500001 0.046993751562500005