0 0.7012473625 0.259256575 0.7341731734375 0.25521379375 0.730423346875 0.2246739109375 0.6974975375 0.2287166921875 0.7012473625 0.259256575
0 0.23088777968750002 0.7422948671875 0.40840084218749995 0.720499003125 0.36535596406250004 0.3699266125 0.1878429015625 0.3917224765625 0.23088777968750002 0.7422948671875
0 0.29532206250000004 0.2177116265625 0.38240844375 0.2070187640625 0.3700652671875 0.106491653125 0.2829788859375 0.11718451562500001 0.29532206250000004 0.2177116265625
0 0.4650515859375 0.1009642765625 0.5182577859374999 0.0944313765625 0.50825825 0.012991690625 0.45505205000000004 0.019524590624999998 0.4650515859375 0.1009642765625
0 0.51271173125 0.2129780796875 0.5403884999999999 0.2095797984375 0.5360918234375001 0.174586184375 0.5084150562499999 0.1779844640625 0.51271173125 0.2129780796875
0 0.43798835625 0.7523872921875 0.49214892812500005 0.745737209375 0.48507894374999994 0.688156809375 0.430918371875 0.694806890625 0.43798835625 0.7523872921875
0 0.2247471375 0.9329256953125 0.283918159375 0.9256604062499999 0.2750904453125 0.8537644343749999 0.21591942187500002 0.8610297234375001 0.2247471375 0.9329256953125
0 0.7221295765625 0.23602569375 0.7436029296875 0.233389096875 0.7403218328125 0.2066666984375 0.718848478125 0.20930329531249997 0.7221295765625 0.23602569375
0 0.301277675 0.8224550234375 0.3299088125 0.8189395609375 0.3266667765625 0.7925352890624999 0.2980356375 0.79605075 0.301277675 0.8224550234375
0 0.2283949109375 0.8462582140625001 0.2567874578125 0.842772046875 0.25252984375 0.80809655625 0.224137296875 0.811582721875 0.2283949109375 0.8462582140625001
0 0.21797294374999998 0.8126625296875 0.239923484375 0.8099673421875 0.2369158125 0.7854718125 0.2149652703125 0.788167 0.21797294374999998 0.8126625296875
0 0.5015321375 0.052890851562499994 0.524914234375 0.050019890624999994 0.5208519234375 0.0169350203125 0.49746982656250005 0.01980598125 0.5015321375 0.052890851562499994
0 0.3875334125 0.3907767109375 0.4216521875 0.38658745156249996 0.41700396562500003 0.3487307234375 0.38288519062500004 0.35291998125 0.3875334125 0.3907767109375
0 0.395025390625 0.546472921875 0.45348063125 0.5392955203125 0.44676219375 0.4845782328125 0.38830695312499997 0.49175563437500003 0.395025390625 0.546472921875
0 0.42475101249999997 0.6426052984374999 0.44216828750000003 0.6404667265625 0.439394978125 0.6178799374999999 0.42197770312499994 0.6200185109375 0.42475101249999997 0.6426052984374999
0 0.45681949218750006 0.6670847281250001 0.47614550937500005 0.664711790625 0.471184803125 0.6243100734375 0.451858784375 0.626683009375 0.45681949218750006 0.6670847281250001