0 0.5787924890625 0.2696092609375 0.5400964593750001 0.26893381875 0.539100778125 0.32597641093749996 0.5777968062500001 0.3266518515625 0.5787924890625 0.2696092609375
0 0.629063103125 0.364731859375 0.5300397265625 0.36300340000000003 0.5284343296875 0.4549765703125 0.62745770625 0.45670502968750004 0.629063103125 0.364731859375
0 0.49681271718750003 0.17297148906249998 0.03630594375 0.1649333140625 0.0296270421875 0.5475673359375001 0.49013381562499997 0.5556055109375 0.49681271718750003 0.17297148906249998
0 0.9303586312500001 0.389545253125 0.8188371578125 0.3875986390625 0.8159507984375001 0.5529580640625 0.927472271875 0.5549046796875 0.9303586312500001 0.389545253125
0 0.8532209734375 0.593999384375 0.696994771875 0.5912724468749999 0.69409163125 0.757593265625 0.8503178328125 0.7603202046875001 0.8532209734375 0.593999384375
0 0.7063645703125 0.4539150515625 0.6469986140625 0.452878815625 0.6459302124999999 0.514087440625 0.7052961703125 0.5151236765625 0.7063645703125 0.4539150515625
0 0.761397759375 0.5241169765625 0.6736707375 0.5225856953125 0.672893209375 0.567130190625 0.7606202328125 0.5686614718749999 0.761397759375 0.5241169765625
0 0.61070551875 0.4935977703125 0.578018190625 0.4930272109375 0.576809946875 0.562247434375 0.6094972750000001 0.56281799375 0.61070551875 0.4935977703125
0 0.72315950625 0.5660842234375 0.68782835 0.565467515625 0.687246603125 0.598795771875 0.722577759375 0.599412478125 0.72315950625 0.5660842234375
0 0.4807265 0.5711488265625 0.4266482 0.5702048859375 0.4256245484375 0.6288497984375 0.4797028484375 0.6297937390625 0.4807265 0.5711488265625
0 0.565865084375 0.6107817609375 0.42934741875000004 0.6083988359375 0.42787627031250003 0.6926808703125 0.5643939359375 0.6950637953125 0.565865084375 0.6107817609375