0 0.4668269234375 0.15673076875 0.227884615625 0.15673076875 0.227884615625 0.3384615390625 0.4668269234375 0.3384615390625 0.4668269234375 0.15673076875
0 0.5795673078125 0.0769230765625 0.4925480765625 0.0769230765625 0.4925480765625 0.18653846093749998 0.5795673078125 0.18653846093749998 0.5795673078125 0.0769230765625
0 0.5112980765625 0.309935896875 0.48197115312500005 0.309935896875 0.48197115312500005 0.34807692343749996 0.5112980765625 0.34807692343749996 0.5112980765625 0.309935896875
0 0.49110576874999995 0.3983974359375 0.4293269234375 0.3983974359375 0.4293269234375 0.5246794875 0.49110576874999995 0.5246794875 0.49110576874999995 0.3983974359375
0 0.45264423125000003 0.5128205125 0.3259615390625 0.5128205125 0.3259615390625 0.6227564109375 0.45264423125000003 0.6227564109375 0.45264423125000003 0.5128205125
0 0.158653846875 0.34326923125 0.100721153125 0.34326923125 0.100721153125 0.48269230781249994 0.158653846875 0.48269230781249994 0.158653846875 0.34326923125
0 0.9081730765625 0.5041666671875 0.5545673078125 0.5041666671875 0.5545673078125 0.8358974359375001 0.9081730765625 0.8358974359375001 0.9081730765625 0.5041666671875
0 0.4858173078125 0.711858975 0.4259615390625 0.711858975 0.4259615390625 0.8323717953124999 0.4858173078125 0.8323717953124999 0.4858173078125 0.711858975
0 0.5682692312500001 0.875641025 0.5235576921875 0.875641025 0.5235576921875 0.9362179484375 0.5682692312500001 0.9362179484375 0.5682692312500001 0.875641025
0 0.2646634609375 0.528846153125 0.231971153125 0.528846153125 0.231971153125 0.5516025640625 0.2646634609375 0.5516025640625 0.2646634609375 0.528846153125
0 0.6764423078124999 0.3240384609375 0.6197115390625 0.3240384609375 0.6197115390625 0.391346153125 0.6764423078124999 0.391346153125 0.6764423078124999 0.3240384609375
0 0.609134615625 0.327564103125 0.5879807687499999 0.327564103125 0.5879807687499999 0.35608974375 0.609134615625 0.35608974375 0.609134615625 0.327564103125
0 0.43918269218750006 0.3990384609375 0.390625 0.3990384609375 0.390625 0.44358974375000004 0.43918269218750006 0.44358974375000004 0.43918269218750006 0.3990384609375
0 0.5483173078125 0.5266025640625001 0.449759615625 0.5266025640625001 0.449759615625 0.7564102562499999 0.5483173078125 0.7564102562499999 0.5483173078125 0.5266025640625001
0 0.05697115312499999 0.4253205125 0.0375 0.4253205125 0.0375 0.4519230765625 0.05697115312499999 0.4519230765625 0.05697115312499999 0.4253205125
0 0.2298076921875 0.40929487187499997 0.20889423125 0.40929487187499997 0.20889423125 0.4480769234375 0.2298076921875 0.4480769234375 0.2298076921875 0.40929487187499997
0 0.26923076875 0.35641025625 0.2237980765625 0.35641025625 0.2237980765625 0.40608974375000007 0.26923076875 0.40608974375000007 0.26923076875 0.35641025625
0 0.299278846875 0.29391025625 0.27548076875 0.29391025625 0.27548076875 0.35608974375 0.299278846875 0.35608974375 0.299278846875 0.29391025625
0 0.84014423125 0.0496794875 0.8081730765625 0.0496794875 0.8081730765625 0.108974359375 0.84014423125 0.108974359375 0.84014423125 0.0496794875