0 0.8283653843750001 0.6602564109375 0.58485576875 0.6602564109375 0.58485576875 0.9528846156249999 0.8283653843750001 0.9528846156249999 0.8283653843750001 0.6602564109375
0 0.659375 0.0384615390625 0.571875 0.0384615390625 0.571875 0.2580128203125 0.659375 0.2580128203125 0.659375 0.0384615390625
0 0.4204326921875 0.4141025640625 0.303365384375 0.4141025640625 0.303365384375 0.559935896875 0.4204326921875 0.559935896875 0.4204326921875 0.4141025640625
0 0.3322115390625 0.5855769234375 0.2646634609375 0.5855769234375 0.2646634609375 0.7977564109374999 0.3322115390625 0.7977564109374999 0.3322115390625 0.5855769234375
0 0.3677884609375 0.21891025625 0.2634615390625 0.21891025625 0.2634615390625 0.3509615390625 0.3677884609375 0.3509615390625 0.3677884609375 0.21891025625
0 0.2927884609375 0.12371794843749999 0.2391826921875 0.12371794843749999 0.2391826921875 0.2230769234375 0.2927884609375 0.2230769234375 0.2927884609375 0.12371794843749999
0 0.5548076921875 0.5246794875 0.46394230781249995 0.5246794875 0.46394230781249995 0.7205128203125 0.5548076921875 0.7205128203125 0.5548076921875 0.5246794875
0 0.527403846875 0.30961538437499997 0.4050480765625 0.30961538437499997 0.4050480765625 0.3948717953125 0.527403846875 0.3948717953125 0.527403846875 0.30961538437499997
0 0.61826923125 0.2919871796875 0.514903846875 0.2919871796875 0.514903846875 0.5371794875 0.61826923125 0.5371794875 0.61826923125 0.2919871796875
0 0.5050480765625001 0.46891025624999993 0.460096153125 0.46891025624999993 0.460096153125 0.54423076875 0.5050480765625001 0.54423076875 0.5050480765625001 0.46891025624999993
0 0.3137019234375 0.4605769234375 0.2735576921875 0.4605769234375 0.2735576921875 0.5679487171875001 0.3137019234375 0.5679487171875001 0.3137019234375 0.4605769234375