0 0.1784573421875 0.8123477171875001 0.4747896296875 0.7759626875000001 0.43686170312500006 0.4670645109375 0.14052941562500001 0.5034495406249999 0.1784573421875 0.8123477171875001
0 0.4365325234375 0.3992917671875 0.4918860578125 0.3924952078125 0.4810662484375 0.30437492499999996 0.4257127140625 0.31117148437500003 0.4365325234375 0.3992917671875
0 0.5932285890625 0.48015705468750003 0.6204281703125 0.476817365625 0.5980073359375 0.2942143234375 0.5708077546875 0.2975540109375 0.5932285890625 0.48015705468750003
0 0.574225078125 0.6626796484375 0.6722867296875 0.650639190625 0.6568186984375 0.5246621796875 0.5587570453125 0.5367026375 0.574225078125 0.6626796484375
0 0.69450301875 0.74478731875 0.7617861968749999 0.7365259843749999 0.7358499000000001 0.5252918015625 0.6685667234375 0.5335531375 0.69450301875 0.74478731875
0 0.74149255625 0.5811099390625001 0.792312828125 0.5748699937499999 0.7703216609375 0.39576631406249996 0.7195013890624999 0.40200625937499995 0.74149255625 0.5811099390625001
0 0.75519195625 0.807086334375 0.8091139359374999 0.8004655484375001 0.7902085624999999 0.6464936453125001 0.7362865843749999 0.6531144328125 0.75519195625 0.807086334375
0 0.76607908125 0.6274978265625 0.8608004328125001 0.6158675062500001 0.837754628125 0.42817448437500005 0.7430332765625 0.43980480312500003 0.76607908125 0.6274978265625
0 0.7076170421875 0.437372053125 0.7851597109374999 0.42785101093750005 0.7678558265625 0.28692218281250004 0.6903131578124999 0.2964432265625 0.7076170421875 0.437372053125
0 0.673649625 0.6637115625 0.7721884609375 0.6516125140625 0.7319168921875 0.32362691093749996 0.6333780578125 0.3357259578125 0.673649625 0.6637115625
0 0.5919621703125 0.331769434375 0.6361018421875 0.3263497640625 0.6173917734375001 0.1739684796875 0.5732521015625001 0.17938815 0.5919621703125 0.331769434375
0 0.272948871875 0.34123071875 0.32162180937499996 0.335254434375 0.3133018828125 0.26749407187499996 0.26462894531250003 0.2734703578125 0.272948871875 0.34123071875
0 0.5648305921875 0.540800696875 0.5939389171875 0.5372266437500001 0.5891735125 0.49841554375 0.5600651875 0.501989596875 0.5648305921875 0.540800696875