0 0.3545673078125 0.4480769234375 0.24375 0.4480769234375 0.24375 0.5887820515625 0.3545673078125 0.5887820515625 0.3545673078125 0.4480769234375
0 0.225240384375 0.534935896875 0.0956730765625 0.534935896875 0.0956730765625 0.728525640625 0.225240384375 0.728525640625 0.225240384375 0.534935896875
0 0.1740384609375 0.29006410312500003 0.1072115390625 0.29006410312500003 0.1072115390625 0.3676282046875 0.1740384609375 0.3676282046875 0.1740384609375 0.29006410312500003
0 0.369471153125 0.1391025640625 0.27235576875 0.1391025640625 0.27235576875 0.28397435937500004 0.369471153125 0.28397435937500004 0.369471153125 0.1391025640625
0 0.4615384609375 0 0.4615384609375 0.0397435890625 0.5555288468749999 0.0397435890625 0.5555288468749999 0 0.4615384609375 0
0 0.596153846875 0.11826923125 0.4646634609375 0.11826923125 0.4646634609375 0.28173076875 0.596153846875 0.28173076875 0.596153846875 0.11826923125
0 0.7877403843749999 0.2022435890625 0.65 0.2022435890625 0.65 0.4240384609375 0.7877403843749999 0.4240384609375 0.7877403843749999 0.2022435890625
0 0.8384615390624999 0.37820512812499996 0.6673076921875001 0.37820512812499996 0.6673076921875001 0.5608974359375 0.8384615390624999 0.5608974359375 0.8384615390624999 0.37820512812499996
0 0.95625 0.6352564109375 0.6454326921875 0.6352564109375 0.6454326921875 0.8701923078125 0.95625 0.8701923078125 0.95625 0.6352564109375
0 0.5822115390625 0.5073717953125 0.46899038437499996 0.5073717953125 0.46899038437499996 0.6951923078125 0.5822115390625 0.6951923078125 0.5822115390625 0.5073717953125
0 0.60673076875 0.6673076921875001 0.52764423125 0.6673076921875001 0.52764423125 0.7791666671875 0.60673076875 0.7791666671875 0.60673076875 0.6673076921875001
0 0.431490384375 0.553525640625 0.4012019234375 0.553525640625 0.4012019234375 0.6054487171875 0.431490384375 0.6054487171875 0.431490384375 0.553525640625
0 0.444471153125 0.7615384609375 0.38629807656250004 0.7615384609375 0.38629807656250004 0.866025640625 0.444471153125 0.866025640625 0.444471153125 0.7615384609375
0 0.9997596156249999 0.265064103125 0.968028846875 0.265064103125 0.968028846875 0.322115384375 0.9997596156249999 0.322115384375 0.9997596156249999 0.265064103125
0 0.565625 0.3458333328125 0.46394230781249995 0.3458333328125 0.46394230781249995 0.449358975 0.565625 0.449358975 0.565625 0.3458333328125
0 0.643028846875 0.12019230781250001 0.5689903843749999 0.12019230781250001 0.5689903843749999 0.2294871796875 0.643028846875 0.2294871796875 0.643028846875 0.12019230781250001