0 0.6177955359375 0.7177158734375 0.8055680890625 0.6946603031249999 0.7860377453125 0.5355984203124999 0.5982651921875 0.558653990625 0.6177955359375 0.7177158734375
0 0.782660390625 0.5712113671875 0.8217896124999999 0.5664069031250001 0.8042904249999999 0.42388745468750005 0.765161203125 0.4286919203125 0.782660390625 0.5712113671875
0 0.8546083578125 0.35635442500000003 0.9724732140624999 0.341882440625 0.9587238515625 0.229902875 0.840858996875 0.244374859375 0.8546083578125 0.35635442500000003
0 0.7106505265624999 0.30427954375 0.8122910703124999 0.2917996546875 0.793268515625 0.1368733796875 0.691627971875 0.1493532703125 0.7106505265624999 0.30427954375
0 0.4337313984375 0.4987720859375 0.6770960796875001 0.4688906609375 0.6610811984375 0.3384599171875 0.4177165171875 0.36834134218750003 0.4337313984375 0.4987720859375
0 0.36276351875 0.9385838 0.5228593046875 0.9189265093750001 0.488212475 0.6367507296875 0.3281166890625 0.6564080203125 0.36276351875 0.9385838
0 0.26665577812499996 0.674610825 0.42460422812500004 0.65521719375 0.3998788140625 0.45384485 0.2419303640625 0.47323848125 0.26665577812499996 0.674610825
0 0.08570092812499999 0.7433297390625 0.2796768953125 0.7195124859375001 0.25600611875 0.5267294828125 0.062030153125 0.5505467375 0.08570092812499999 0.7433297390625
0 0 0.5286088328125 0.007598160937499999 0.5904908859375 0.11544211874999999 0.5772493140625 0.0946618328125 0.40800747031249995 0 0.41963048125 0 0.5286088328125
0 0.1998277359375 0.2920833 0.3852143609375 0.269320684375 0.370566603125 0.150024271875 0.1851799796875 0.17278688749999999 0.1998277359375 0.2920833
0 0.2494291375 0.826237865625 0.28450228437499997 0.821931425 0.27864318125 0.7742128593750001 0.24357003437500002 0.7785192999999999 0.2494291375 0.826237865625