0 0.8309621328125001 0.46215112031250005 0.6673389921874999 0.444953634375 0.6504639609375 0.6055088390625001 0.8140871000000001 0.622706325 0.8309621328125001 0.46215112031250005
0 0.6618233265625 0.2810111296875 0.566717378125 0.2710150921875 0.5611281953125 0.3241926125 0.65623414375 0.33418865000000003 0.6618233265625 0.2810111296875
0 0.7136714859375 0.732089453125 0.6042485125 0.720588634375 0.5914578828125 0.8422833453124999 0.70088085625 0.8537841640625 0.7136714859375 0.732089453125
0 0.539057159375 0.642394771875 0.4869022828125 0.636913075 0.48400020781249997 0.6645244781249999 0.5361550828125 0.6700061765624999 0.539057159375 0.642394771875
0 0.673105653125 1 0.6823750328125 0.9118077390625 0.581133215625 0.9011667953125 0.5715671140625 0.9921821671875 0.6459488265625 1 0.673105653125 1
0 0.90194976875 0.2638578265625 0.7961060515625 0.2527332046875 0.7902481578125 0.3084673359375 0.896091875 0.31959195937499996 0.90194976875 0.2638578265625
0 0.8254955781250001 0.26822946718749996 0.7303896265625001 0.2582334296875 0.7184051296875 0.3722583046875 0.8135110796875 0.3822543421875 0.8254955781250001 0.26822946718749996
0 0.8826317859374999 0.46241210937500005 0.7921277359375 0.4528997515625 0.7851412578125 0.5193716515625 0.8756453078125 0.5288840109375 0.8826317859374999 0.46241210937500005
0 0.7076843453125 0.47917840937499995 0.5854783140625 0.46633403749999996 0.5709679359375001 0.6043910625 0.6931739671875 0.6172354343750001 0.7076843453125 0.47917840937499995
0 0.9298823781250001 0.59817196875 0.8915332062499999 0.5941413078125 0.8766466328125 0.7357775890625 0.91499580625 0.7398082500000001 0.9298823781250001 0.59817196875
0 0.8884592437500001 0.7266797281249999 0.8173854421875 0.7192095703125 0.812656134375 0.7642059328124999 0.883729934375 0.771676090625 0.8884592437500001 0.7266797281249999
0 0.8101701 0.6993232859375 0.7022810921875 0.6879836953125 0.6903503375 0.8014972468750001 0.7982393453125 0.8128368390625 0.8101701 0.6993232859375
0 0.7407578203125 0.8186856171875 0.7167256734375 0.8161597374999999 0.7083956421875001 0.8954146953125001 0.7324277890625 0.897940575 0.7407578203125 0.8186856171875
0 0.38489910781250003 0.918797603125 0.3230291078125 0.9122948031250001 0.319052190625 0.950132653125 0.38092218906249997 0.9566354531249999 0.38489910781250003 0.918797603125
0 0.22917083906250002 0.10836269531250001 0.1984915015625 0.10513816718749999 0.1958581359375 0.130192959375 0.2265374734375 0.1334174875 0.22917083906250002 0.10836269531250001