0 0.8176101171875001 0.29532195625 0.7452763234375 0.27728711562499997 0.7208250484375001 0.3753558265625 0.7931588421875 0.3933906671875 0.8176101171875001 0.29532195625
0 0.7486080828125 0.4436782390625 0.7336298718750001 0.43994375156250004 0.7313628671875 0.4490362140625 0.7463410765625 0.4527707 0.7486080828125 0.4436782390625
0 0.365532196875 0.35609979687500004 0.3003221859375 0.3398411140625 0.284615075 0.4028388953125 0.3498250859375 0.41909757656249996 0.365532196875 0.35609979687500004
0 0.51242839375 0.065743296875 0.43644137812499995 0.04679760625 0.41571446874999995 0.1299287 0.49170148437499994 0.14887439062500002 0.51242839375 0.065743296875
0 0.219043034375 0.00673573125 0.20132490781249998 0.0023181062499999998 0.194280996875 0.030569687499999998 0.2119991234375 0.0349873125 0.219043034375 0.00673573125
0 0.7221006062499999 0.69161833125 0.6534200359375 0.6744943421875 0.6403037890625 0.7271007375 0.708984359375 0.7442247265625 0.7221006062499999 0.69161833125
0 0.6880878874999999 0.7517766 0.6522863125 0.742850265625 0.64491854375 0.7724007703125 0.6807201187499999 0.7813271046875 0.6880878874999999 0.7517766
0 0.7341145546875001 0.757043821875 0.7207802937500001 0.7537192171875 0.717055928125 0.768656834375 0.7303901875000001 0.7719814390625 0.7341145546875001 0.757043821875
0 0.7346457328125 0.7626949390625 0.6940949703125 0.7525844984375001 0.678144965625 0.8165564734374999 0.7186957281249999 0.8266669140625 0.7346457328125 0.7626949390625
0 0.580046359375 0.7127667062499999 0.5734705609375 0.7111271765625 0.5715274124999999 0.7189207171875001 0.5781032109375001 0.7205602484375 0.580046359375 0.7127667062499999
0 0.5698173375 0.710216325 0.554291146875 0.7063452109374999 0.547409165625 0.73394733125 0.56293535625 0.737818446875 0.5698173375 0.710216325
0 0.188255340625 0.5457538093750001 0.18003559062500002 0.5437043953125 0.1770399046875 0.5557194359375 0.1852596546875 0.5577688484375 0.188255340625 0.5457538093750001
0 0.74860065625 0.5923358484375 0.7239414078124999 0.5861876078125 0.717869071875 0.6105424203125 0.74252831875 0.6166906609375 0.74860065625 0.5923358484375
0 0.8206965875 0.298505921875 0.8139381265625 0.2968208484375 0.811671121875 0.30591331093749996 0.81842958125 0.307598384375 0.8206965875 0.298505921875
0 0.6876885374999999 0.3129419109375 0.6743542796875001 0.30961730625 0.671520521875 0.3209828875 0.68485478125 0.324307490625 0.6876885374999999 0.3129419109375
0 0.6030535921875 0.48119978281250003 0.58515280625 0.47673661562499997 0.5812665109374999 0.49232369531250003 0.5991672968749999 0.49678686250000004 0.6030535921875 0.48119978281250003
0 0.65738403125 0.46094396406250004 0.6334554265625 0.4549778921875 0.6279498421875 0.47705958906249996 0.6518784453124999 0.48302565937499997 0.65738403125 0.46094396406250004
0 0.6276524 0.263481465625 0.5973306578125 0.2559214078125 0.57741339375 0.3358051921875 0.607735134375 0.3433652515625 0.6276524 0.263481465625
0 0.7333612375 0.1756699328125 0.7132685171875 0.17066025468749998 0.7066294296875 0.1972881828125 0.72672215 0.2022978609375 0.7333612375 0.1756699328125
0 0.5968562265624999 0.11542167656249999 0.549912325 0.10371724687499999 0.530237953125 0.182626840625 0.5771818546875 0.19433126875 0.5968562265624999 0.11542167656249999
0 0.1550503265625 0.0221680546875 0.1340443 0.0169306640625 0.124247596875 0.056223093749999994 0.14525362343749998 0.061460484375 0.1550503265625 0.0221680546875
0 0.2296615953125 0.14390107968750002 0.20701161875000001 0.13825380625 0.19931999375 0.16910323437500002 0.22196996875 0.1747505078125 0.2296615953125 0.14390107968750002
0 0.24816055625 0.195767090625 0.229163803125 0.19103066875000002 0.225844259375 0.20434463281249998 0.2448410125 0.20908105625 0.24816055625 0.195767090625
0 0.3404729390625 0.102545940625 0.32348545781250004 0.0983104859375 0.31611768906250004 0.127860990625 0.3331051703125 0.1320964453125 0.3404729390625 0.102545940625
0 0.05900309375 0.3062321578125 0.0387277125 0.3011769375 0.032736340625 0.32520701875 0.053011721874999994 0.33026223906249996 0.05900309375 0.3062321578125
0 0.1922723625 0.41603161406250005 0.182956646875 0.4137089453125 0.1795561375 0.427347640625 0.18887185312500002 0.42967030937499995 0.1922723625 0.41603161406250005
0 0.21006468906250003 0.37735304531249997 0.1927118859375 0.37302650625 0.1873682296875 0.3944587421875 0.20472103281249998 0.39878528125 0.21006468906250003 0.37735304531249997
0 0.5426062984375 0.55166813125 0.5053434359375 0.54237745625 0.5003236375 0.5625107671875 0.5375865 0.5718014421875 0.5426062984375 0.55166813125