0 0.36991817656250003 0.862101478125 0.31129113125 0.873497421875 0.322102665625 0.92911795 0.3807297125 0.91772200625 0.36991817656250003 0.862101478125
0 0.9087679625 0.64222754375 0.8432259328124999 0.6549676234375 0.8535699421875 0.7081829390625 0.919111971875 0.695442859375 0.9087679625 0.64222754375
0 0.7196433484375 0.6484125421875 0.65169610625 0.6616201484374999 0.659644046875 0.7025087531249999 0.7275912875 0.689301146875 0.7196433484375 0.6484125421875
0 0.8092002359375 0.69340669375 0.7662070703125 0.70176371875 0.775616028125 0.7501686125 0.8186091953125001 0.7418115875 0.8092002359375 0.69340669375
0 0.928007459375 0.5389561765625001 0.9039553359375001 0.5436314359375001 0.909215003125 0.570690071875 0.9332671250000001 0.5660148125 0.928007459375 0.5389561765625001
0 0.26658454531250003 0.49903769843749995 0.1544415328125 0.5208360921875 0.171856871875 0.6104302421875001 0.283999884375 0.5886318484374999 0.26658454531250003 0.49903769843749995
0 0.3862600484375 0.4838874296875 0.3567962015625 0.48961462187500004 0.360419528125 0.508255015625 0.3898833734375 0.5025278234375 0.3862600484375 0.4838874296875
0 0.4132821171875 0.529804715625 0.18358436250000001 0.5744534359375 0.2149085953125 0.735602646875 0.44460635000000004 0.6909539265625 0.4132821171875 0.529804715625
0 0.6693737875 0.425111559375 0.617060425 0.435280246875 0.62687846875 0.4857897015625 0.6791918296875 0.4756210140625 0.6693737875 0.425111559375
0 0.52577508125 0.5210427703125 0.43437702187499994 0.538808753125 0.45190924218750006 0.6290042062500001 0.5433073015625001 0.6112382234375 0.52577508125 0.5210427703125
0 0.77147703125 0.4271054859375 0.703529790625 0.44031309218750003 0.715919225 0.5040512125000001 0.7838664671875 0.49084360625 0.77147703125 0.4271054859375
0 0.8681037406250001 0.3977147734375 0.7773069859375 0.415363875 0.7922678140625 0.49233066093750005 0.8830645687500001 0.4746815609375 0.8681037406250001 0.3977147734375