0 0.19026673593750001 0.64329351875 0.5371627250000001 0.63117964375 0.5263409968749999 0.3212858953125 0.1794450078125 0.3333997703125 0.19026673593750001 0.64329351875
0 1 0.6117092109375 0.8221628203125 0.617919421875 0.8287273875000001 0.8059040109375 1 0.7999230390625 1 0.6117092109375
0 0.9026803828125001 0.138784465625 0.9852746671875 0.1359002109375 0.98069446875 0.0047404874999999996 0.898100184375 0.00762474375 0.9026803828125001 0.138784465625
0 0.7886488765624999 0.1034037109375 0.8454737421875 0.10141934374999999 0.8441700578125 0.064086728125 0.7873451921875 0.0660710953125 0.7886488765624999 0.1034037109375
0 1 0.5291616875 0.9970067671875 0.443446709375 0.9193681421875001 0.4461579109375 0.9240175624999999 0.5792998953125 1 0.57664653125 1 0.5291616875
0 0.109712371875 0.43936902968749997 0.14704498906250002 0.43806534687500004 0.1458912859375 0.405027634375 0.1085586703125 0.40633131875000006 0.109712371875 0.43936902968749997
0 0.345057384375 0.9838840078125 0.37181793125 0.9829495078124999 0.37062961875 0.9489206625 0.34386907031249997 0.9498551624999999 0.345057384375 0.9838840078125
0 0.0928883046875 0.3933165578125 0.27030082499999997 0.3871211765625 0.2644284796875 0.21895921562499998 0.087015959375 0.225154596875 0.0928883046875 0.3933165578125
0 0.0110072671875 0.776572925 0.2743178421875 0.7673779171875 0.26775327656250003 0.5793933265625 0.0044427 0.588588334375 0.0110072671875 0.776572925
0 0 0.2705331046875 0.37228665625 0.2575325671875 0.36344929531250003 0.0044636828125 0 0.0171556125 0 0.2705331046875
0 0.5196893859375 0 0.49034872500000004 0.0010245984375 0.492483075 0.06214436875 0.8684522515624999 0.049015234375 0.866740603125 0 0.5196893859375 0
0 0.8339641015625 0.6148610718749999 0.8676625703124999 0.6136842953125 0.865193646875 0.5429835890625 0.8314951781250001 0.544160365625 0.8339641015625 0.6148610718749999
0 0.607852990625 0.9694145015625001 0.6673208734375 0.9673378375 0.6638251546875 0.8672335671875 0.604357271875 0.8693102312500001 0.607852990625 0.9694145015625001
0 0.315788053125 0.8750871484375 0.41424043906249997 0.8716491156249999 0.40941796249999995 0.733551475 0.3109655765625 0.7369895078125 0.315788053125 0.8750871484375
0 0.24230587187500002 0.7694881390625 0.3242394 0.76662695625 0.320616775 0.6628885359375001 0.23868324687500003 0.66574971875 0.24230587187500002 0.7694881390625