0 0.8191466796875 0.052208521875000004 0.6769430062499999 0.0322230984375 0.6593781390625 0.157203621875 0.8015818124999999 0.17718904375 0.8191466796875 0.052208521875000004
0 0.30704403281250003 0 0.2951360796875 0.0847294890625 0.4014818328125 0.099675409375 0.41342180156249997 0.0147181203125 0.308696940625 0 0.30704403281250003 0
0 0.45473177812500004 0.011259384375 0.39185761406249997 0.002422996875 0.38633624218749996 0.0417096046875 0.4492104046875 0.0505459921875 0.45473177812500004 0.011259384375
0 1 0.3330247875 0.9752720421875001 0.3295495 0.9706824015625 0.36220649374999997 1 0.3663268125 1 0.3330247875
0 1 0.3663268140625 0.9834537156250001 0.36400138437499996 0.9796577718749999 0.391010928125 1 0.39386984062499997 1 0.3663268140625
0 0.8966588265625001 0.3400347734375 0.86080090625 0.3349952703125 0.8579021859375 0.355620740625 0.89376010625 0.3606602421875 0.8966588265625001 0.3400347734375
0 0.8598306234375 0.340117121875 0.8283935421875 0.335698928125 0.824873665625 0.360744140625 0.8563107484374999 0.365162334375 0.8598306234375 0.340117121875
0 0.67061063125 0.38914211875000004 0.6153501375 0.3813757625 0.607654725 0.436131471875 0.66291521875 0.443897828125 0.67061063125 0.38914211875000004
0 0.8394070906250001 0.335744434375 0.708992321875 0.31741583281249997 0.69570651875 0.41194923437500003 0.8261212875 0.430277834375 0.8394070906250001 0.335744434375
0 0.80310586875 0.41227015 0.7380212859374999 0.4031231078125 0.732258353125 0.44412850625000005 0.7973429359375 0.45327554687499994 0.80310586875 0.41227015
0 0.8217878046875 0.42190667812499993 0.8009116171875 0.418972721875 0.7991171718750001 0.43174086875000006 0.819993359375 0.434674825 0.8217878046875 0.42190667812499993
0 0.85026770625 0.4063787546875 0.8183394187499999 0.401891528125 0.8142328984375 0.4311109421875 0.8461611843749999 0.4355981703125 0.85026770625 0.4063787546875
0 0.9032608890624999 0.419585459375 0.8701045921875 0.4149256453125 0.8685862156249999 0.4257294625 0.9017425109375001 0.43038927656250003 0.9032608890624999 0.419585459375
0 0.8818953687500001 0.432607765625 0.8499670828125 0.4281205375 0.846516225 0.45267466718750005 0.8784445109375 0.4571618953125 0.8818953687500001 0.432607765625
0 0.8944574609375 0.4501478953125 0.890527825 0.4495956203125 0.8889749390624999 0.4606449796875 0.892904575 0.46119725312500004 0.8944574609375 0.4501478953125
0 0.9221862562500001 0.44352849531249994 0.9081869296875 0.44156101875 0.9064615015624999 0.4538380828125 0.920460828125 0.45580556093749997 0.9221862562500001 0.44352849531249994
0 0.9817880171875 0.493469909375 0.9535437640625 0.4895004390625 0.951231690625 0.5059517046875001 0.9794759421875 0.5099211765625 0.9817880171875 0.493469909375
0 0.88392613125 0.537556678125 0.8591203078125 0.534070446875 0.8568772499999999 0.5500306312500001 0.8816830734375 0.5535168625 0.88392613125 0.537556678125
0 0.8372501874999999 0.465143925 0.8166196015624999 0.4622444859375 0.8145145781249999 0.47722250468749994 0.8351451640625 0.4801219453125 0.8372501874999999 0.465143925
0 0.890730834375 0.44636906718749997 0.8759947015625 0.44429803906250004 0.8750284625000001 0.45117319531250005 0.8897645953125 0.4532442234375 0.890730834375 0.44636906718749997
0 0.8409360906250001 0.4816869796875 0.8146566546875 0.4779936453125 0.810274065625 0.509177390625 0.8365535 0.512870725 0.8409360906250001 0.4816869796875
0 0.553356125 0.45003394218750004 0.53714638125 0.4477558109375 0.5349378312499999 0.46347045312499996 0.5511475765625 0.465748584375 0.553356125 0.45003394218750004
0 0.5091073078125 0.42628779375 0.4943711765625 0.42421676562500005 0.49316337656250003 0.4328107109375 0.5078995078124999 0.43488173906250005 0.5091073078125 0.42628779375
0 0.9568646718749999 0.46943508593749994 0.8468348875 0.4539714078125 0.8400712046875001 0.502097503125 0.950100990625 0.51756118125 0.9568646718749999 0.46943508593749994
0 0.54705879375 0.5483038109375 0.527165015625 0.545507921875 0.5258191812499999 0.555084034375 0.5457129593750001 0.5578799234375 0.54705879375 0.5483038109375
0 0.1362349046875 0 0.1360554734375 0.0012767234375 0.2043328859375 0.0108724875 0.20586091406249998 0 0.1362349046875 0
0 0.323579903125 0.023124521875 0.2744594625 0.016221093750000002 0.2673161859375 0.06704814375 0.3164366265625 0.073951571875 0.323579903125 0.023124521875
0 0.5619163578124999 0.17705867656250002 0.49879659375 0.168187771875 0.4891341921875 0.2369393359375 0.5522539562500001 0.245810240625 0.5619163578124999 0.17705867656250002
0 0.5947987593749999 0.16941082968750001 0.567782515625 0.1656139453125 0.5652978984375 0.18329291875 0.592314140625 0.1870898046875 0.5947987593749999 0.16941082968750001