0 0.703801653125 0.5352066109375 0.34347107499999996 0.5352066109375 0.34347107499999996 0.6684297515625001 0.703801653125 0.6684297515625001 0.703801653125 0.5352066109375
0 0.46644628125 0.1342148765625 0.293884296875 0.1342148765625 0.293884296875 0.21586776875 0.46644628125 0.21586776875 0.46644628125 0.1342148765625
0 0.0995041328125 0.3368595046875 0.0128925625 0.3368595046875 0.0128925625 0.4277685953125 0.0995041328125 0.4277685953125 0.0995041328125 0.3368595046875
0 0.9259504125 0.5877685953125 0.8072727265624999 0.5877685953125 0.8072727265624999 0.6571900828125 0.9259504125 0.6571900828125 0.9259504125 0.5877685953125
0 0.70181818125 0.78413223125 0.5778512390625 0.78413223125 0.5778512390625 0.89355371875 0.70181818125 0.89355371875 0.70181818125 0.78413223125
0 0.285619834375 0.799669421875 0.22876033125 0.799669421875 0.22876033125 0.8730578515625 0.285619834375 0.8730578515625 0.285619834375 0.799669421875
0 0.743801653125 0.41355371874999997 0.6945454546875001 0.41355371874999997 0.6945454546875001 0.461157025 0.743801653125 0.461157025 0.743801653125 0.41355371874999997
0 0.7828099171875 0.36132231406250004 0.6945454546875001 0.36132231406250004 0.6945454546875001 0.4089256203125 0.7828099171875 0.4089256203125 0.7828099171875 0.36132231406250004
0 0.7160330578125 0.3795041328125 0.64 0.3795041328125 0.64 0.439669421875 0.7160330578125 0.439669421875 0.7160330578125 0.3795041328125
0 0.298842975 0.1877685953125 0.2604958671875 0.1877685953125 0.2604958671875 0.248595040625 0.298842975 0.248595040625 0.298842975 0.1877685953125
0 0.2413223140625 0.9259504125 0.2066115703125 0.9259504125 0.2066115703125 0.9801652890625 0.2413223140625 0.9801652890625 0.2413223140625 0.9259504125
0 0.9983471078124999 0.7728925624999999 0.956694215625 0.7728925624999999 0.956694215625 0.824462809375 0.9983471078124999 0.824462809375 0.9983471078124999 0.7728925624999999
0 0.7857851234375001 0.1342148765625 0.72760330625 0.1342148765625 0.72760330625 0.16297520625 0.7857851234375001 0.16297520625 0.7857851234375001 0.1342148765625
0 0.22479338906250002 0.3474380171875 0.18214876093750001 0.3474380171875 0.18214876093750001 0.45851239687499995 0.22479338906250002 0.45851239687499995 0.22479338906250002 0.3474380171875