0 0.6491947687499999 0.23282765 0.39329259843750003 0.1690240734375 0.3286028609375 0.4284804390625 0.58450503125 0.492284015625 0.6491947687499999 0.23282765
0 0.918240334375 0.8855270703125001 0.89469378125 0.8796562546875 0.8832844609375 0.9254165375 0.9068310140625 0.931287353125 0.918240334375 0.8855270703125001
0 0.141806290625 0.41493931249999993 0.0769422 0.398766878125 0.0618774671875 0.459188221875 0.12674155625 0.47536065625 0.141806290625 0.41493931249999993
0 0.1833913609375 0.1459471640625 0.079875378125 0.1201377296875 0.0433212453125 0.2667483484375 0.146837228125 0.29255778125 0.1833913609375 0.1459471640625
0 0.45607684531250003 0.05726691874999999 0.406762365625 0.0449714375 0.3986761484375 0.07740348281250001 0.447990628125 0.0896989640625 0.45607684531250003 0.05726691874999999
0 0.5891033859375 1 0.5920370765625 0.9882336109375001 0.514733296875 0.9689596125 0.506994059375 1 0.5891033859375 1
0 0.49709160781249995 0.642258340625 0.1909864078125 0.5659377421875 0.17182318125 0.6427972468750001 0.4779283796875 0.7191178453125 0.49709160781249995 0.642258340625
0 0.20461471250000002 0.516955571875 0.12331246250000001 0.49668464375 0.05408115 0.77435626875 0.1353834015625 0.7946271968749999 0.20461471250000002 0.516955571875
0 0.42594586406249996 0.7023820078125 0.16160247656249999 0.6364737984375 0.11042669062499999 0.841728665625 0.37477007812499996 0.9076368734375 0.42594586406249996 0.7023820078125
0 0.4067271203125 0.340367471875 0.2232417109375 0.294619421875 0.1622073859375 0.5394147265625 0.345692796875 0.5851627781250001 0.4067271203125 0.340367471875
0 0.413911653125 0.28694733281249996 0.26996668281249997 0.25105782187500003 0.2584465921875 0.29726238125000004 0.4023915640625 0.33315189218749997 0.413911653125 0.28694733281249996