0 0.8414827328125 0.472993446875 0.8132400093750001 0.47746665468750005 0.8173920062500001 0.5036813312499999 0.8456347296875 0.4992081234375 0.8414827328125 0.472993446875
0 0.9950408703125 0.5677371328125 0.9700258875 0.5716991171875 0.9744972687500001 0.59993030625 0.9995122515625001 0.595968321875 0.9950408703125 0.5677371328125
0 1 0.7021399625 0.9836512109375001 0.70472935625 0.99182745 0.7563521046874999 1 0.7550576999999999 1 0.7021399625
0 0.9292658734374999 0.8104968046875 0.90344395625 0.8145865953125 0.9088096140624999 0.8484640234375 0.93463153125 0.8443742328124999 0.9292658734374999 0.8104968046875
0 0.8604606531250001 0.8643901421875 0.7971162625 0.8744229078125001 0.803631703125 0.915559784375 0.8669760953125 0.90552701875 0.8604606531250001 0.8643901421875
0 0.6223183921875 0.8231449859375 0.5807612453125001 0.829726990625 0.5844022265625 0.8527152453125 0.625959375 0.846133240625 0.6223183921875 0.8231449859375
0 0.164362759375 1 0.1619137796875 0.9845377531249999 0.1090595421875 0.9929090421875 0.11018264062500001 1 0.164362759375 1
0 0.447262415625 0.7127889109375001 0.4024775265625 0.719882140625 0.4055436171875 0.7392406703125001 0.45032850468749996 0.7321474421875 0.447262415625 0.7127889109375001
0 0.6018380390625 0.649445075 0.53930058125 0.6593500359375 0.5419834109375 0.6762887484375 0.6045208671875 0.6663837890625001 0.6018380390625 0.649445075
0 0.63816445625 0.5758906859375 0.601448915625 0.5817058562499999 0.6079643578125 0.6228427328125 0.6446798968749999 0.6170275625 0.63816445625 0.5758906859375
0 0.6461406046875 0.50351918125 0.60660079375 0.509781671875 0.6113276828124999 0.539626071875 0.6508674937500001 0.5333635812499999 0.6461406046875 0.50351918125
0 0.74001099375 0.4642598015625 0.719434153125 0.46751885312499997 0.726268978125 0.51067224375 0.7468458203125 0.5074131921875 0.74001099375 0.4642598015625
0 0.7532485109375 0.430329859375 0.72298845 0.43512258125000003 0.7277153390625 0.4649669828125 0.7579754000000001 0.4601742609375 0.7532485109375 0.430329859375
0 0.710552009375 0.40360531718750003 0.6742399375 0.40935658437500005 0.6788390734374999 0.43839437812500004 0.71515114375 0.4326431109375 0.710552009375 0.40360531718750003
0 0.667501571875 0.4451511 0.6311895 0.4509023671875 0.632978053125 0.46219484218750007 0.6692901234375 0.45644357500000005 0.667501571875 0.4451511
0 0.634841571875 0.3982330390625 0.5831977359375 0.40641261875 0.589329915625 0.4451296796875 0.6409737515625 0.43695009999999995 0.634841571875 0.3982330390625
0 0.4804843 0.47601198437500003 0.436506346875 0.48297740781250004 0.4442993265625 0.5321803390625 0.4882772796875 0.525214915625 0.4804843 0.47601198437500003
0 0.4619861 0.1659830140625 0.44423353125 0.16879474375 0.4513877421875 0.213964646875 0.469140309375 0.2111529171875 0.4619861 0.1659830140625
0 0.5654393343749999 0.087998078125 0.5331619359374999 0.093110315625 0.5401883921875 0.1374736125 0.5724657890625 0.132361375 0.5654393343749999 0.087998078125
0 0.172907853125 0.2522836515625 0.135385378125 0.25822662812499997 0.1396651296875 0.2852479078125 0.17718760312499998 0.2793049328125 0.172907853125 0.2522836515625
0 0 0.244274375 0.00157236875 0.25420191718749996 0.041515646875 0.2478755234375 0.0394715875 0.2349698359375 0 0.24122152031250002 0 0.244274375
0 0.2418251921875 0.110314134375 0.20026804375 0.116896140625 0.2039090265625 0.13988439531250002 0.24546617343750002 0.1333023890625 0.2418251921875 0.110314134375
0 0.2637577921875 0.047721318750000005 0.245601759375 0.050596953125 0.2530114765625 0.0973800671875 0.27116751093749997 0.09450443281250001 0.2637577921875 0.047721318750000005
0 0.6959294078125 0.4261788796875 0.664055478125 0.4312272140625 0.6660995375 0.44413289999999994 0.6979734671875 0.439084565625 0.6959294078125 0.4261788796875
0 0.9662499531250001 0.8377126875 0.9246928046875 0.8442946921875001 0.934657596875 0.9072099171874999 0.9762147453125 0.9006279109375 0.9662499531250001 0.8377126875