0 0.0804997328125 0.20515665 0.0249836109375 0.21494564062500002 0.039377478125 0.2965773171875 0.0948936 0.28678832656250003 0.0804997328125 0.20515665
0 0.17446696718750002 0.42990181562499996 0.0034933984374999998 0.46004906874999996 0.024056065625 0.5766657484375 0.195029634375 0.5465184953125 0.17446696718750002 0.42990181562499996
0 0.46379407187500005 1 0.686997434375 0.9606432249999999 0.5689393640625 0.29110263281250004 0.22136015625 0.352390225 0.3355512328125 1 0.46379407187500005 1
0 0.8027389515625 0.8266265046875001 0.7749808890625001 0.8315210000000001 0.7839150125 0.8821889374999999 0.8116730750000001 0.8772944421875 0.8027389515625 0.8266265046875001
0 0.7304482328125 0.823617403125 0.7179772203125 0.8258163796875 0.7211679796875 0.8439120718750001 0.7336389921875 0.8417130953124999 0.7304482328125 0.823617403125
0 0.187422653125 0.82566129375 0.127883621875 0.8361596312499999 0.1434828859375 0.92462745625 0.20302191875000003 0.91412911875 0.187422653125 0.82566129375
0 0.2538359375 1 0.24974380468750002 0.9767923625 0.22520406875 0.9811193796875 0.22853323125 1 0.2538359375 1
0 0.4562556671875 0 0.0378386421875 0.0737782109375 0.07903488125 0.3074136953125 0.9427531203124999 0.1551168671875 0.91540183125 0 0.4562556671875 0
0 0.0672186890625 0.12042634999999999 0.010093403125 0.13049907968750002 0.025976290625 0.2205754109375 0.0831015765625 0.21050268125 0.0672186890625 0.12042634999999999
0 0 0.2753258515625 0.040590246875 0.2681686953125 0.030805253124999998 0.2126752421875 0 0.2181070390625 0 0.2753258515625
0 0 0.30393525781249997 0.051919396875 0.2947804671875 0.045537878125 0.258589084375 0 0.266618640625 0 0.30393525781249997