0 0.6528160515625 0.2670177859375 0.5638322875 0.24972109531250003 0.5460681187499999 0.34110982500000003 0.63505188125 0.358406515625 0.6528160515625 0.2670177859375
0 0.7095418125 0.5979270234375 0.6638474484375 0.5890449390625 0.6574585796875 0.621912815625 0.7031529453124999 0.6307948999999999 0.7095418125 0.5979270234375
0 0.587422646875 0.5691977921875 0.5641746375000001 0.5646788359375 0.557240378125 0.6003525078124999 0.5804883875 0.6048714625 0.587422646875 0.5691977921875
0 0.732652053125 0.35491554999999997 0.67773865 0.3442414671875 0.6648830015625 0.410378046875 0.7197964031249999 0.42105213125 0.732652053125 0.35491554999999997
0 0.6760875109375 0.2906760359375 0.6656659890625 0.288650296875 0.661302859375 0.3110966515625 0.67172438125 0.31312239062499997 0.6760875109375 0.2906760359375
0 0.69918725625 0.23817793593749997 0.6651168968750001 0.2315553296875 0.656702290625 0.274844728125 0.69077265 0.281467334375 0.69918725625 0.23817793593749997
0 0.5774249499999999 0.0385533671875 0.540548796875 0.031385368749999996 0.5339261890625 0.06545572968749999 0.5708023421874999 0.072623728125 0.5774249499999999 0.0385533671875
0 0.60002713125 0.042114840625 0.575175809375 0.0372842328125 0.5712801578125 0.057325621874999996 0.5961314796875 0.062156229687499995 0.60002713125 0.042114840625
0 0.6662359140625 0.14233875468749999 0.6518061140625 0.139533884375 0.6466638546875 0.16598851718750002 0.6610936546875 0.16879338593749998 0.6662359140625 0.14233875468749999
0 0.67870755 0.1680574546875 0.6602694734375001 0.16447345468750002 0.6527898234375 0.2029529203125 0.6712279 0.20653691875 0.67870755 0.1680574546875
0 0.8059037046874999 0.7356260171875 0.750990303125 0.7249519328125 0.7425756953125 0.7682413312499999 0.7974890984375 0.778915415625 0.8059037046874999 0.7356260171875
0 0.564953453125 0.9159110281249999 0.541304615625 0.911314159375 0.53055261875 0.966628390625 0.5542014562500001 0.9712252593749999 0.564953453125 0.9159110281249999
0 0.553923590625 0.979074725 0.544303725 0.9772048124999999 0.5411872046874999 0.9932379234375001 0.5508070703125 0.9951078359375 0.553923590625 0.979074725
0 0.768482003125 0.9088840484375 0.741225715625 0.9035859625 0.7351485 0.934850528125 0.7624047875 0.9401486140624999 0.768482003125 0.9088840484375
0 0.7394911109375 0.7605702171875001 0.7066232343750001 0.7541813484375 0.6955595859375 0.8110988906250001 0.7284274625 0.8174877593750001 0.7394911109375 0.7605702171875001
0 0.581032696875 0.7647107125 0.5549788921875 0.759646365625 0.5482004593750001 0.79451838125 0.5742542640625 0.7995827265625 0.581032696875 0.7647107125
0 0.46742950156249996 0.71143055 0.46021460156250005 0.710028115625 0.458656340625 0.7180446703125 0.465871240625 0.7194471046875 0.46742950156249996 0.71143055
0 0.6934926546875 0.6954727328125 0.6762570609375 0.6921224734375 0.671348540625 0.7173746203125 0.6885841359375 0.72072488125 0.6934926546875 0.6954727328125
0 0.601789496875 0.6343863015625 0.593372115625 0.632750128125 0.591580115625 0.6419691671875001 0.5999974984375 0.643605340625 0.601789496875 0.6343863015625
0 0.5769045453125 0.44568930625 0.5528548796874999 0.44101452500000005 0.544985665625 0.48149812656249996 0.5690353296875 0.4861729078125 0.5769045453125 0.44568930625
0 0.7293898859375 0.5364774125 0.6844971765625 0.527751153125 0.670706571875 0.5986976671875001 0.7155992796875 0.6074239265625 0.7293898859375 0.5364774125
0 0.7173960640625 0.49546060625 0.6941480531249999 0.49094165 0.690408228125 0.5101813828124999 0.7136562390625001 0.5147003375 0.7173960640625 0.49546060625
0 0.6685458390625 0.4065143328125 0.6497069328125 0.4028524203125 0.64588919375 0.42249298125 0.6647281 0.42615489375 0.6685458390625 0.4065143328125
0 0.596315225 0.3329900546875 0.5654514875000001 0.3269907515625 0.557426446875 0.3682760109375 0.588290184375 0.37427531406250003 0.596315225 0.3329900546875
0 0.7060670515624999 0.22204438906249999 0.681616559375 0.21729169375000001 0.6735136046875 0.25897778125 0.6979640984375 0.263730475 0.7060670515624999 0.22204438906249999
0 0.6237208609375 0.23266015156250003 0.602476990625 0.22853076093750002 0.5985034265625 0.24897297499999999 0.619747296875 0.253102365625 0.6237208609375 0.23266015156250003
0 0.5862402265625 0.17296211718750001 0.572612084375 0.1703130734375 0.568171040625 0.19316025625 0.581799184375 0.1958092984375 0.5862402265625 0.17296211718750001
0 0.6485666296875 0.147639615625 0.6345376578125 0.144912659375 0.6306420078125 0.1649540484375 0.644670978125 0.167681003125 0.6485666296875 0.147639615625
0 0.644922615625 0.095766671875 0.6288895046875 0.09265015 0.6227343765625 0.12431554375000001 0.6387674859375 0.12743206406250002 0.644922615625 0.095766671875
0 0.6827309500000001 0.053199164062500005 0.6598837671875 0.048758121875 0.6573126375 0.0619854375 0.68015981875 0.0664264796875 0.6827309500000001 0.053199164062500005
0 0.580785546875 0.008424634375 0.5639507796875 0.0051522875 0.5632495640624999 0.0087597375 0.5800843296875 0.012032084375 0.580785546875 0.008424634375
0 0.579772678125 0.013635395312500001 0.566144534375 0.010986353124999999 0.5645083609375 0.0194037359375 0.5781365046875 0.022052778125 0.579772678125 0.013635395312500001
0 0.665810553125 0.28576658906249996 0.65538903125 0.2837408515625 0.6541424234375001 0.2901540953125 0.6645639453125 0.292179834375 0.665810553125 0.28576658906249996
0 0.6092963 0.6749468937499999 0.5824408421875 0.669726721875 0.5715330187500001 0.7258426078125 0.598388478125 0.73106278125 0.6092963 0.6749468937499999