0 0.43669860156249996 0.5686778921875 0.5089584765625 0.5712012625 0.5099417625 0.5430436609375 0.4376818875 0.5405202906250001 0.43669860156249996 0.5686778921875
0 0.461639890625 0.9781276875 0.489400746875 0.9790971171875 0.4905122859375 0.9472667859375001 0.4627514296875 0.9462973546875 0.461639890625 0.9781276875
0 0.49129584687500005 0.725844425 0.5333453796875001 0.7273128265625 0.5340579062499999 0.7069087671875 0.492008371875 0.705440365625 0.49129584687500005 0.725844425
0 0.70647236875 0.46328794999999995 0.7452559171875001 0.4646423015625 0.746424459375 0.43117964375 0.7076409109374999 0.4298252921875 0.70647236875 0.46328794999999995
0 0.7441927296874999 0.2492841328125 0.7670546125000001 0.2500824875 0.76759613125 0.23457540312499997 0.74473425 0.2337770484375 0.7441927296874999 0.2492841328125
0 0.7727793171874999 0.26172260625 0.7887009843749999 0.262278603125 0.7890287453125 0.2528927359375 0.773107078125 0.2523367390625 0.7727793171874999 0.26172260625
0 0.45005336093750004 0.513986109375 0.475772978125 0.5148842578124999 0.47622899375000005 0.5018256609375 0.4505093765625 0.5009275125 0.45005336093750004 0.513986109375
0 0.47774296562499996 0.5169959453125 0.5018295890625 0.51783706875 0.5023711093750001 0.502329984375 0.47828448437500004 0.5014888609375 0.47774296562499996 0.5169959453125
0 0.4879013921875 0.5304252078125 0.5046395578125 0.5310097171875 0.505109825 0.5175430390625 0.488371659375 0.5169585296875 0.4879013921875 0.5304252078125
0 0.37792595625000003 0.5310791484374999 0.39752185624999997 0.5317634531250001 0.3980206234375 0.5174806125 0.3784247234375 0.5167963078125 0.37792595625000003 0.5310791484374999
0 0.3419112234375 0.47384618749999996 0.40274015781249994 0.47597038124999996 0.404193709375 0.43434609999999996 0.343364775 0.43222190625 0.3419112234375 0.47384618749999996
0 0.2738000609375 0.48127358437499995 0.35953211875 0.4842674140625 0.35991688125 0.473249221875 0.27418482499999997 0.4702553921875 0.2738000609375 0.48127358437499995
0 0.209645740625 0.58608091875 0.22597565625 0.586651171875 0.226745184375 0.5646147890625001 0.2104152671875 0.5640445359374999 0.209645740625 0.58608091875
0 0.103467771875 0.595039046875 0.1140822171875 0.5954097109375 0.114352978125 0.5876561687499999 0.10373853125000002 0.5872855046875001 0.103467771875 0.595039046875
0 0.5641343937500001 0.9576007234375 0.5988354640625 0.9588125125 0.599961253125 0.9265740984375 0.5652601828125 0.9253623109375001 0.5641343937500001 0.9576007234375
0 0.6591044125 0.9535627312500001 0.6803333031250001 0.954304059375 0.6813735890625 0.924514134375 0.6601447 0.9237728046875 0.6591044125 0.9535627312500001
0 0.7106197328125 1 0.710837090625 0.9937756859375 0.67981025 0.9926922046875 0.67955505625 1 0.7106197328125 1
0 0.8179808281250001 0.2665697078125 0.83431074375 0.2671399609375 0.8346242546875 0.258162175 0.8182943390625 0.257591921875 0.8179808281250001 0.2665697078125
0 0.7448279703125 0.0789289453125 0.7534011765625 0.0792283296875 0.7536861874999999 0.07106670468750001 0.7451129796875 0.070767321875 0.7448279703125 0.0789289453125
0 0.5440936796875 0.478046503125 0.555524621875 0.47844568125000003 0.555695628125 0.47354870625 0.5442646859375 0.4731495296875 0.5440936796875 0.478046503125
0 0.5351602109375 0.6636379046875 0.5453664093749999 0.6639943125000001 0.545722671875 0.6537922828125 0.535516475 0.653435875 0.5351602109375 0.6636379046875
0 0.6870490765625 0.3874311703125 0.696438778125 0.387759065625 0.6966525359375 0.3816378484375 0.687262834375 0.381309953125 0.6870490765625 0.3874311703125