0 0.4589766015625 0.7114833078125 0.3398985390625 0.6904866328125 0.3205412703125 0.8002671609374999 0.43961933125 0.8212638359375 0.4589766015625 0.7114833078125
0 0.6370720703125 1 0.6618256359375 0.8596155453125001 0.4385542703125 0.8202467796875 0.40841932812500004 0.9911505343749999 0.45860714218750004 1 0.6370720703125 1
0 0.2901237296875 0.8645614125 0.22615950156250003 0.85328279375 0.2165163203125 0.9079719953125001 0.28048054843750003 0.9192506140625 0.2901237296875 0.8645614125
0 0.3725342234375 0.9358967890625 0.3403509640625 0.9302220125 0.332054990625 0.9772708124999999 0.3642382515625 0.9829455890625001 0.3725342234375 0.9358967890625
0 0.3037367359375 0.556819203125 0.2510366484375 0.54752675625 0.23444470312500001 0.6416243515625 0.287144790625 0.6509168 0.3037367359375 0.556819203125
0 0.8954915046874999 1 0.8968535078125001 0.9922756968750001 0.8453602921875 0.9831960531249999 0.842397303125 1 0.8954915046874999 1
0 0.581234203125 0.43450768437500004 0.564337990625 0.4315284265625 0.5618562890625001 0.44560285312500003 0.5787525015625 0.4485821109375 0.581234203125 0.43450768437500004
0 0.07864656875 0.1937190515625 0.058934320312499996 0.19024325 0.05581446875 0.20793681562500002 0.07552671562499999 0.2114126171875 0.07864656875 0.1937190515625
0 0.3489794765625 0.436676334375 0.3300718109375 0.433342403125 0.327164675 0.4498295875 0.34607234062500003 0.45316351875 0.3489794765625 0.436676334375
0 0.3411811890625 0.8267111359375001 0.302561278125 0.819901403125 0.2946907390625 0.8645374421875 0.3333106515625 0.871347175 0.3411811890625 0.8267111359375001
0 0.2841977140625 0.8158341515625 0.24356635 0.8086697468749999 0.23562490625 0.8537079125 0.2762562703125 0.86087231875 0.2841977140625 0.8158341515625
0 0.0802291890625 0.0671216140625 0.0693673390625 0.0652063765625 0.066531109375 0.0812914359375 0.077392959375 0.083206671875 0.0802291890625 0.0671216140625