0 0.946490440625 0.124388515625 0.8948033765625001 0.1325749421875 0.9007768234375 0.170289796875 0.9524638875000001 0.1621033703125 0.946490440625 0.124388515625
0 0.6623955734375 0.1919787859375 0.599930165625 0.20187233437500002 0.6066405953125 0.2442403203125 0.669106003125 0.234346771875 0.6623955734375 0.1919787859375
0 0.6102238234375 0.300157953125 0.5825430734375 0.304542153125 0.584754025 0.3185015484375 0.6124347734375 0.3141173484375 0.6102238234375 0.300157953125
0 0.11016158281249999 0.5468071515624999 0.1008530125 0.548281484375 0.10201667031249999 0.555628534375 0.111325240625 0.5541542015625 0.11016158281249999 0.5468071515624999
0 0.195643321875 0.539544303125 0.17041219531250001 0.543540521875 0.1727395109375 0.5582346203124999 0.1979706390625 0.5542384015625 0.195643321875 0.539544303125
0 0.26902720625 0.46541119374999995 0.238406909375 0.47026097343749995 0.24015239687499998 0.481281546875 0.27077269375 0.47643176875000004 0.26902720625 0.46541119374999995
0 0.199194059375 0.43354295625 0.17249315781250002 0.4377719625 0.174820475 0.4524660625 0.201521375 0.44823705468749997 0.199194059375 0.43354295625
0 0.2276579125 0.538741459375 0.20781595937500003 0.541884115625 0.2097166015625 0.5538842953125 0.2295585546875 0.5507416390625 0.2276579125 0.538741459375
0 0.186096078125 0.5553660125000001 0.16306961250000002 0.559013046875 0.165125409375 0.5719928328125 0.1881518734375 0.5683458 0.186096078125 0.5553660125000001
0 0.16599693124999998 0.5600556765625 0.147624753125 0.5629655437500001 0.1492150859375 0.5730065109375 0.1675872640625 0.57009664375 0.16599693124999998 0.5600556765625
0 0.1533060625 0.5813961890625 0.1351788453125 0.5842672578125 0.1366140234375 0.59332861875 0.154741240625 0.59045755 0.1533060625 0.5813961890625