0 0.33700980468749997 0.484068628125 0.1596200984375 0.484068628125 0.1596200984375 0.7524509796875 0.33700980468749997 0.7524509796875 0.33700980468749997 0.484068628125
0 0.46446078437500005 0.3280228765625 0.29319852968750004 0.3280228765625 0.29319852968750004 0.5584150328125 0.46446078437500005 0.5584150328125 0.46446078437500005 0.3280228765625
0 0.578125 0.1719771234375 0.42892156875 0.1719771234375 0.42892156875 0.3827614375 0.578125 0.3827614375 0.578125 0.1719771234375
0 0.755821078125 0.1478758171875 0.5799632359375 0.1478758171875 0.5799632359375 0.376225490625 0.755821078125 0.376225490625 0.755821078125 0.1478758171875
0 0.8884803921875 0.041258170312499995 0.6498161765625 0.041258170312499995 0.6498161765625 0.3374183 0.8884803921875 0.3374183 0.8884803921875 0.041258170312499995
0 0.8673406859374999 0.419117646875 0.69914215625 0.419117646875 0.69914215625 0.625408496875 0.8673406859374999 0.625408496875 0.8673406859374999 0.419117646875
0 0.6755514703125 0.43300653593750005 0.49662990156250003 0.43300653593750005 0.49662990156250003 0.676879084375 0.6755514703125 0.676879084375 0.6755514703125 0.43300653593750005
0 0.6109068625 0.6748366015625 0.5021446078125 0.6748366015625 0.5021446078125 0.783905228125 0.6109068625 0.783905228125 0.6109068625 0.6748366015625
0 0.8091299015625 0.6936274515624999 0.6041666671875 0.6936274515624999 0.6041666671875 0.91789215625 0.8091299015625 0.91789215625 0.8091299015625 0.6936274515624999
0 0.5830269609375 0.8529411765624999 0.4620098046875 0.8529411765624999 0.4620098046875 0.999591503125 0.5830269609375 0.999591503125 0.5830269609375 0.8529411765624999
0 0.8036151953124999 0.8247549015625 0.598039215625 0.8247549015625 0.598039215625 0.999591503125 0.8036151953124999 0.999591503125 0.8036151953124999 0.8247549015625
0 0.49662990156250003 0.597222221875 0.4322916671875 0.597222221875 0.4322916671875 0.8423202609375 0.49662990156250003 0.8423202609375 0.49662990156250003 0.597222221875
0 0.4635416671875 0.56168300625 0.325367646875 0.56168300625 0.325367646875 0.8161764703125 0.4635416671875 0.8161764703125 0.4635416671875 0.56168300625