0 0.6708347265625 0.24082606874999998 0.7551281265625 0.2482007859375 0.7654918375 0.12974301875 0.6811984390625 0.1223683015625 0.6708347265625 0.24082606874999998
0 0.6476166437499999 0.4620803171875 0.7048499453125 0.4670875828125 0.7084535 0.42589876249999997 0.6512201984375 0.42089149687500005 0.6476166437499999 0.4620803171875
0 0.5535397921875 0.7099524125000001 0.611491503125 0.7150225296875 0.6195925171875001 0.622427509375 0.56164080625 0.6173573921875 0.5535397921875 0.7099524125000001
0 0.4187445203125 0.904714590625 0.5303374843750001 0.914477709375 0.5431594343749999 0.7679221421875 0.43156647187499997 0.7581590234375 0.4187445203125 0.904714590625
0 0.40205392656249994 0.9437932296874999 0.43701652968750004 0.9468520609375 0.44137431562499996 0.8970423265624999 0.4064117125 0.8939834937500001 0.40205392656249994 0.9437932296874999
0 0.5476791140625 0.917603590625 0.574978678125 0.9199919937500001 0.5785543 0.8791224671875 0.5512547343749999 0.8767340640624999 0.5476791140625 0.917603590625
0 0.32373576875 0.9784453687499999 0.35702208281250003 0.9813575437500001 0.3614357390625 0.9309092218749999 0.328149425 0.927997046875 0.32373576875 0.9784453687499999
0 0.2492710578125 0.8339053234374999 0.2950098046875 0.8379069453125 0.299786609375 0.7833078125 0.2540478625 0.7793061906250001 0.2492710578125 0.8339053234374999
0 0.33530406562500004 0.7938151421875 0.383916453125 0.7980681749999999 0.38888880000000003 0.7412339890624999 0.3402764125 0.73698095625 0.33530406562500004 0.7938151421875
0 0.24412422656250002 0.6362301734375 0.293455021875 0.640546059375 0.30256167968750003 0.536456484375 0.253230884375 0.5321406 0.24412422656250002 0.6362301734375
0 0.472203184375 0.6439584859374999 0.509321015625 0.647205875 0.513567065625 0.5986733140625 0.476449234375 0.595425925 0.472203184375 0.6439584859374999
0 0.4892795078125 0.4791143765625 0.5235236999999999 0.4821103546875 0.528970934375 0.41984818593749995 0.494726740625 0.4168522078125 0.4892795078125 0.4791143765625
0 0.41515855 0.3802910765625 0.4975361875 0.3874981859375 0.5068104531250001 0.281492853125 0.4244328140625 0.27428574375000003 0.41515855 0.3802910765625
0 0.3896704578125 0.3323744859375 0.41673055468750003 0.3347419375 0.42120007968750006 0.2836550296875 0.39413998281249996 0.281287578125 0.3896704578125 0.3323744859375
0 0.373268978125 0.17232313906250002 0.4683385203125 0.1806406453125 0.4793447265625 0.054839135937500005 0.38427518437499997 0.046521628125 0.373268978125 0.17232313906250002
0 0.14910324375 0.332240496875 0.28200902656250004 0.34386824531250004 0.2998591921875 0.1398399078125 0.1669534109375 0.128212159375 0.14910324375 0.332240496875
0 0.19971627812499998 0.4322244890625 0.29837786718750003 0.4408562609375 0.3054173703125 0.3603943796875 0.20675578125 0.35176260937500003 0.19971627812499998 0.4322244890625
0 0.5039368140625 0.28124144218749997 0.561170115625 0.2862487078125 0.5674833203125 0.21408845156249998 0.51025001875 0.2090811859375 0.5039368140625 0.28124144218749997
0 0.8316005046875 0.40289033124999996 0.9362488421874999 0.412045875 0.944210184375 0.3210473203125 0.8395618468749999 0.3118917765625 0.8316005046875 0.40289033124999996
0 0.40101643906250006 0.6081306375 0.462560196875 0.61351501875 0.46895720625 0.54039688125 0.407413446875 0.5350125 0.40101643906250006 0.6081306375
0 0.9574416796874999 1 0.984305578125 0.6929442234375001 0.8006321812499999 0.6768748828125 0.772362396875 1 0.9574416796874999 1