0 0.269111 0.30938759375 0.3280882015625 0.3251904875 0.39287591875 0.083399440625 0.333898715625 0.067596546875 0.269111 0.30938759375
0 0.10641468125 0.20606577499999998 0.1324203765625 0.21303397968749999 0.146107921875 0.161951365625 0.1201022265625 0.1549831609375 0.10641468125 0.20606577499999998
0 0.1580448671875 0.6031513203125 0.266014940625 0.6320818140625 0.277794525 0.5881198046875 0.16982445156249998 0.5591893109375 0.1580448671875 0.6031513203125
0 0.2911110109375 0.415823725 0.3173489 0.42285414687499995 0.3281330265625 0.3826072359375 0.30189513749999997 0.375576815625 0.2911110109375 0.415823725
0 0.48260391093750005 0.0875328265625 0.50257256875 0.0928834125 0.50987259375 0.06563935 0.489903934375 0.0602887640625 0.48260391093750005 0.0875328265625
0 0.4331266171875 0.5006632109375 0.49187162500000003 0.5164038875 0.5173387546875 0.4213592640625 0.458593746875 0.40561858749999996 0.4331266171875 0.5006632109375
0 0.5032570953125 0.42654521562500003 0.5754693390625001 0.445894428125 0.6085683125 0.322367375 0.5363560703125 0.3030181625 0.5032570953125 0.42654521562500003
0 0.632199978125 0.5490274671875001 0.7320432718750001 0.5757803984375001 0.7629024656250001 0.46061231874999997 0.663059171875 0.4338593890625 0.632199978125 0.5490274671875001
0 0.3807538828125 0.8317220390625 0.4655045859375 0.8544309218749999 0.48093418281250006 0.7968468828125 0.3961834796875 0.774138 0.3807538828125 0.8317220390625
0 0.149464784375 0.6648934171875001 0.18406164687499998 0.67416361875 0.196587825 0.6274152859375 0.1619909625 0.618145084375 0.149464784375 0.6648934171875001
0 0.6323987437499999 0.7451859265625 0.63890016875 0.746927978125 0.6451217796875001 0.7237086078125 0.6386203546875 0.7219665562500001 0.6323987437499999 0.7451859265625
0 0.7470336718749999 0.997225728125 0.756785809375 0.9998388046875 0.761099459375 0.9837400421875 0.7513473234375 0.9811269656249999 0.7470336718749999 0.997225728125
0 0.49845856875 0.101735646875 0.520284778125 0.10758396249999999 0.5304882203125 0.06950419531249999 0.5086620109375 0.0636558796875 0.49845856875 0.101735646875
0 0.33015600156249997 0.5812454046875 0.36266312031250003 0.5899556625 0.3784245375 0.53113325625 0.3459174171875 0.5224229984375001 0.33015600156249997 0.5812454046875
0 0.5929529437500001 0.41872449375 0.6189586390625 0.4256926984375 0.63032345 0.38327864843750004 0.6043177546875 0.3763104421875 0.5929529437500001 0.41872449375
0 0.8048855859374999 0.21105170156250003 0.818352821875 0.2146602359375 0.8225835171875 0.1988710625 0.8091162828125 0.195262528125 0.8048855859374999 0.21105170156250003
0 0.4999372203125 0.65162459375 0.57702553125 0.67228034375 0.6039858484375 0.5716630703125001 0.5268975375 0.55100731875 0.4999372203125 0.65162459375