0 0.7817307687499999 0.3355769234375 0.553125 0.3355769234375 0.553125 0.6394230765625 0.7817307687499999 0.6394230765625 0.7817307687499999 0.3355769234375
0 0.5786057687499999 0.4733974359375 0.45360576874999997 0.4733974359375 0.45360576874999997 0.6330128203125 0.5786057687499999 0.6330128203125 0.5786057687499999 0.4733974359375
0 0.4699519234375 0.7730769234375 0.36826923125 0.7730769234375 0.36826923125 0.8951923078125 0.4699519234375 0.8951923078125 0.4699519234375 0.7730769234375
0 0.5012019234375 0.8766025640624999 0.3762019234375 0.8766025640624999 0.3762019234375 0.9589743593750001 0.5012019234375 0.9589743593750001 0.5012019234375 0.8766025640624999
0 0.3884615390625 0.265064103125 0.25576923125 0.265064103125 0.25576923125 0.3804487171875 0.3884615390625 0.3804487171875 0.3884615390625 0.265064103125
0 0.4677884609375 0.45 0.3822115390625 0.45 0.3822115390625 0.4996794875 0.4677884609375 0.4996794875 0.4677884609375 0.45
0 0.35913461562500004 0.5669871796875 0.2875 0.5669871796875 0.2875 0.6567307687499999 0.35913461562500004 0.6567307687499999 0.35913461562500004 0.5669871796875
0 0.3668269234375 0.54423076875 0.32451923125 0.54423076875 0.32451923125 0.5897435890625 0.3668269234375 0.5897435890625 0.3668269234375 0.54423076875
0 0.6081730765625 0.0025641031250000002 0.32524038437499997 0.0025641031250000002 0.32524038437499997 0.10384615312500001 0.6081730765625 0.10384615312500001 0.6081730765625 0.0025641031250000002
0 0.41826923125000004 0.4012820515625 0.40384615312500005 0.4012820515625 0.40384615312500005 0.428205128125 0.41826923125000004 0.428205128125 0.41826923125000004 0.4012820515625
0 0.42451923125 0.9224358968749999 0.3697115390625 0.9224358968749999 0.3697115390625 0.999358975 0.42451923125 0.999358975 0.42451923125 0.9224358968749999