0 0.20336538437499999 0.29423076875 0.11490384687499999 0.29423076875 0.11490384687499999 0.459615384375 0.20336538437499999 0.459615384375 0.20336538437499999 0.29423076875
0 0.303365384375 0.2766025640625 0.27860576875 0.2766025640625 0.27860576875 0.3147435890625 0.303365384375 0.3147435890625 0.303365384375 0.2766025640625
0 0.42139423125000003 0.2580128203125 0.324278846875 0.2580128203125 0.324278846875 0.3727564109375 0.42139423125000003 0.3727564109375 0.42139423125000003 0.2580128203125
0 0.28413461562500003 0.459615384375 0.2451923078125 0.459615384375 0.2451923078125 0.516346153125 0.28413461562500003 0.516346153125 0.28413461562500003 0.459615384375
0 0.46394230781249995 0.400641025 0.39735576875 0.400641025 0.39735576875 0.4987179484375 0.46394230781249995 0.4987179484375 0.46394230781249995 0.400641025
0 0.6298076921875 0.3830128203125 0.5235576921875 0.3830128203125 0.5235576921875 0.6073717953125 0.6298076921875 0.6073717953125 0.6298076921875 0.3830128203125
0 0.7168269234375 0.6365384609375 0.660096153125 0.6365384609375 0.660096153125 0.7304487171875 0.7168269234375 0.7304487171875 0.7168269234375 0.6365384609375
0 0.56875 0.7862179484375 0.5012019234375 0.7862179484375 0.5012019234375 0.9 0.56875 0.9 0.56875 0.7862179484375
0 0.48485576874999997 0.6147435890625 0.4485576921875 0.6147435890625 0.4485576921875 0.6830128203125 0.48485576874999997 0.6830128203125 0.48485576874999997 0.6147435890625
0 0.425240384375 0.671474359375 0.3165865390625 0.671474359375 0.3165865390625 0.834935896875 0.425240384375 0.834935896875 0.425240384375 0.671474359375
0 0.9997596156249999 0.5009615390625 0.9858173078125001 0.5009615390625 0.9858173078125001 0.5371794875 0.9997596156249999 0.5371794875 0.9997596156249999 0.5009615390625