0 0.294025734375 0 0.22430080624999998 0.260216978125 0.4595130328125 0.3232419046875 0.5352507859375 0.0405847640625 0.383786384375 0 0.294025734375 0
0 0.367943190625 0.715139046875 0.28342468125 0.69249238125 0.226600628125 0.904562634375 0.31111913750000003 0.9272093 0.367943190625 0.715139046875
0 0.7054470046875 0.492999153125 0.59236866875 0.46269990468750005 0.554624225 0.6035640859375 0.6677025609375 0.6338633359375 0.7054470046875 0.492999153125
0 0.8043826703124999 0.2732989703125 0.7391362375 0.2558162421875 0.6842201453125 0.46076588906250004 0.7494665781250001 0.4782486171875 0.8043826703124999 0.2732989703125
0 0.6899046156249999 0.7051807578125 0.5891325484375 0.6781789625 0.5549551609375001 0.8057307078125 0.6557272296875001 0.8327325015625 0.6899046156249999 0.7051807578125
0 0.6802572078125 0.8349916374999999 0.6284780109375 0.8211174437500001 0.602762015625 0.9170908437499999 0.6545412125000001 0.9309650375 0.6802572078125 0.8349916374999999
0 0.5919019734375001 0.2963333890625 0.5041327515625 0.272815696875 0.45344735625 0.46197617031249993 0.541216578125 0.4854938625 0.5919019734375001 0.2963333890625
0 0.5645073328125 0.6261214140625 0.446320734375 0.5944534109374999 0.4242547515625 0.6768047796875 0.54244135 0.7084727828124999 0.5645073328125 0.6261214140625
0 0.4952267484375 0.46022997343750005 0.3953834546875 0.43347704374999996 0.33192301562500004 0.6703146265625 0.43176630937500005 0.69706755625 0.4952267484375 0.46022997343750005
0 0.549991921875 0.467604234375 0.5065716984375 0.45596982031250005 0.48707731406250004 0.5287238484375 0.5304975390625 0.5403582625000001 0.549991921875 0.467604234375
0 0.7363128953125 0.4929741609375 0.6975365453125 0.48258406875000004 0.66974668125 0.5862972578125001 0.7085230296875 0.5966873500000001 0.7363128953125 0.4929741609375