0 0.90360576875 0.7548076921875 0.743990384375 0.7548076921875 0.743990384375 0.98076923125 0.90360576875 0.98076923125 0.90360576875 0.7548076921875
0 0.831971153125 0.4987179484375 0.690384615625 0.4987179484375 0.690384615625 0.7676282046875 0.831971153125 0.7676282046875 0.831971153125 0.4987179484375
0 0.7322115390625 0.16794871718749999 0.536778846875 0.16794871718749999 0.536778846875 0.266346153125 0.7322115390625 0.266346153125 0.7322115390625 0.16794871718749999
0 0.7043269234375 0 0.7043269234375 0.11025641093750001 0.7826923078125 0.11025641093750001 0.7826923078125 0 0.7043269234375 0
0 0.3802884609375 0 0.3802884609375 0.084294871875 0.49735576875 0.084294871875 0.49735576875 0 0.3802884609375 0
0 0.4459134609375 0.08942307656250001 0.3298076921875 0.08942307656250001 0.3298076921875 0.2730769234375 0.4459134609375 0.2730769234375 0.4459134609375 0.08942307656250001
0 0.268028846875 0.1048076921875 0.09326923125 0.1048076921875 0.09326923125 0.35961538437499996 0.268028846875 0.35961538437499996 0.268028846875 0.1048076921875
0 0.6245192312500001 0.2798076921875 0.23509615312499998 0.2798076921875 0.23509615312499998 0.5753205125 0.6245192312500001 0.5753205125 0.6245192312500001 0.2798076921875
0 0.44423076874999995 0.56923076875 0.33125 0.56923076875 0.33125 0.7301282046875001 0.44423076874999995 0.7301282046875001 0.44423076874999995 0.56923076875
0 0.5822115390625 0.7201923078125 0.4375 0.7201923078125 0.4375 0.846474359375 0.5822115390625 0.846474359375 0.5822115390625 0.7201923078125
0 0.61826923125 0.8330128203125 0.5293269234375 0.8330128203125 0.5293269234375 0.9996794875000001 0.61826923125 0.9996794875000001 0.61826923125 0.8330128203125
0 0.565625 0.83076923125 0.45697115312500003 0.83076923125 0.45697115312500003 0.9996794875000001 0.565625 0.9996794875000001 0.565625 0.83076923125
0 0.38798076875 0.8391025640625 0.3298076921875 0.8391025640625 0.3298076921875 0.9496794875000001 0.38798076875 0.9496794875000001 0.38798076875 0.8391025640625
0 0.2072115390625 0.7605769234374999 0.1490384609375 0.7605769234374999 0.1490384609375 0.8897435890625 0.2072115390625 0.8897435890625 0.2072115390625 0.7605769234374999
0 0.25697115312499996 0.8179487171875 0.21586538437499997 0.8179487171875 0.21586538437499997 0.861858975 0.25697115312499996 0.861858975 0.25697115312499996 0.8179487171875
0 0.35048076875 0.6705128203124999 0.21514423124999998 0.6705128203124999 0.21514423124999998 0.8278846156249999 0.35048076875 0.8278846156249999 0.35048076875 0.6705128203124999