0 0.423420471875 0.690474596875 0.3285105703125 0.6804991640625 0.3103521 0.8532654687499999 0.40526200156250003 0.8632409015625001 0.423420471875 0.690474596875
0 0.10125091093750001 0.9063788890625 0.0620437984375 0.90225805625 0.05675036875 0.952621665625 0.0959574828125 0.9567424984375 0.10125091093750001 0.9063788890625
0 0.16373750468749998 0.5510279703125 0.0834107375 0.5425852875 0.07466652968750001 0.6257808687499999 0.15499329687500002 0.634223553125 0.16373750468749998 0.5510279703125
0 0.24259976718749998 0.341134321875 0.157730709375 0.33221422500000003 0.1526718 0.380346534375 0.23754085625000002 0.38926663281249996 0.24259976718749998 0.341134321875
0 0.6713989687499999 0.0374978203125 0.49735763593750004 0.0192053390625 0.4707229796875 0.2726171671875 0.6447643109375 0.2909096484375 0.6713989687499999 0.0374978203125
0 0.688082646875 0.488185009375 0.49826284374999996 0.46823414531249996 0.46871345 0.7493778343749999 0.6585332546875 0.7693287 0.688082646875 0.488185009375
0 0.6697247421875 0.8330269625 0.6240628 0.8282276984375001 0.6084170328125 0.977087225 0.654078975 0.9818864875 0.6697247421875 0.8330269625
0 0.8150992625000001 0.31686953125 0.721862834375 0.3070699875 0.7085622578125 0.43361652343749996 0.801798684375 0.44341606718750004 0.8150992625000001 0.31686953125
0 0.47568874375 0 0.4269916953125 0.46332147187499995 0.5496334578125001 0.476211640625 0.5988489421875001 0.00795758125 0.5231376140624999 0 0.47568874375 0
0 0.4337435 0.45887466093749996 0.4052944375 0.45588454531249994 0.4008720796875 0.4979604703125 0.4293211421875 0.5009505875 0.4337435 0.45887466093749996
0 0.7782854765625 0.8902006734375 0.7328626015624999 0.8854265359375001 0.7271336390625 0.9399339859375001 0.7725565125 0.944708121875 0.7782854765625 0.8902006734375
0 0.71112420625 0.34944888281250003 0.5987623578125 0.33763917656250003 0.5845572078125 0.4727921515625 0.69691905625 0.48460185781250004 0.71112420625 0.34944888281250003
0 0.4861932828125 0.3415993265625 0.39869448125 0.33240283125 0.3870690390625 0.443011515625 0.4745678421875 0.45220801093749996 0.4861932828125 0.3415993265625
0 0.7257604234375 0.0216187921875 0.712133559375 0.0201865515625 0.7006756328125 0.129201453125 0.7143024953125 0.13063369375 0.7257604234375 0.0216187921875