0 0.6834536828125 0.1434785234375 0.588384140625 0.135161015625 0.5732436234375 0.3082179171875 0.668313165625 0.3165354234375 0.6834536828125 0.1434785234375
0 0.9352827843749999 0.0397114984375 0.8960097250000001 0.036275550000000004 0.89159606875 0.0867238734375 0.9308691281250001 0.0901598203125 0.9352827843749999 0.0397114984375
0 0.9230735125 0.3668151953125 0.8426116328125 0.3597756921875 0.8353207203125 0.44311121093750006 0.9157825984375 0.45015071406249996 0.9230735125 0.3668151953125
0 0.849363540625 0.613573528125 0.7643517328125 0.606135959375 0.7601336187500001 0.654349228125 0.8451454265624999 0.661786796875 0.849363540625 0.613573528125
0 0.5332409390625 0.726837246875 0.3589068671875 0.711584990625 0.3366989125 0.9654230640625 0.511032984375 0.98067531875 0.5332409390625 0.726837246875
0 0.5269295406250001 0.250114121875 0.33679045625000004 0.23347910624999998 0.31215219843750003 0.5150956859375 0.5022912828125 0.5317307 0.5269295406250001 0.250114121875
0 0.383273159375 0.0248775765625 0.3375344125 0.0208759546875 0.32448898593750003 0.1699858640625 0.3702277328125 0.1739874859375 0.383273159375 0.0248775765625
0 0.292628059375 0.570013278125 0.19923480625 0.5618424281250001 0.18814479687500002 0.68860181875 0.28153805 0.69677266875 0.292628059375 0.570013278125
0 0.5329899734375 1 0.5736373140625 0.5353987703125 0.450789265625 0.524650959375 0.4097534359375 0.9936926312500001 0.48184699531249997 1 0.5329899734375 1
0 0.5991484171875 0.5003091984375 0.570651503125 0.49781604062499996 0.56696414375 0.5399627390624999 0.595461059375 0.5424558968750001 0.5991484171875 0.5003091984375
0 0.2652230484375 0.064097046875 0.21972377187499997 0.060116375 0.2149469671875 0.11471550781249999 0.26044624375000003 0.118696178125 0.2652230484375 0.064097046875
0 0.4159305125 0.5286794312499999 0.3033796703125 0.5188325078125 0.291535428125 0.6542128140625 0.40408627187499996 0.6640597359375 0.4159305125 0.5286794312499999
0 0.613908346875 0.5550088875 0.5262623703125 0.5473408578125001 0.5165690859375001 0.6581355890625 0.6042150640624999 0.6658036171874999 0.613908346875 0.5550088875
0 0.30582625937499996 0.8742443453125001 0.292176475 0.8730501437499999 0.28262286406250003 0.9822484093750001 0.2962726484375 0.9834426109375001 0.30582625937499996 0.8742443453125001