0 0.57237753125 0.1628955703125 0.2390579859375 0.104122340625 0.192306553125 0.369262890625 0.5256260984375001 0.42803612031249993 0.57237753125 0.1628955703125
0 0.20715526875 0.2019924375 0.0958909328125 0.1823735328125 0.08153156406249999 0.26380955781250004 0.19279590156249998 0.2834284625 0.20715526875 0.2019924375
0 0.9547344046875 0.5720455140625 0.8252416531250001 0.549212446875 0.8093795593750001 0.639170846875 0.9388723109375 0.6620039140625 0.9547344046875 0.5720455140625
0 0.7113404828125 0.793725340625 0.61830455625 0.777320596875 0.5963202515625 0.9019997828124999 0.6893561781249999 0.9184045265625 0.7113404828125 0.793725340625
0 0.40796779375 0.9914855453125 0.423273321875 0.9046835796874999 0.36053917343749997 0.8936218578125 0.3452336453125 0.9804238218749999 0.40796779375 0.9914855453125
0 0.39742245781249996 0.5626262093750001 0.331137321875 0.5509383515625 0.291231634375 0.7772547484375 0.357516771875 0.78894260625 0.39742245781249996 0.5626262093750001
0 0.5088945453125 0.5741453140624999 0.39431595 0.5539420171875 0.3767841625 0.6533697218750001 0.49136275781250005 0.6735730203125 0.5088945453125 0.5741453140624999
0 0 0.6471420984375 0.23131338437500001 0.6879288890625 0.265152515625 0.4960176359375 0.012558795312500001 0.4514785484375 0 0.5227030171875 0 0.6471420984375
0 0.7327276171875 0.2806703609375 0.6766219828125 0.2707774234375 0.6638209953125 0.3433754296875 0.7199266296875 0.3532683671875 0.7327276171875 0.2806703609375
0 0.9690370484375 0.28328321875 0.9332904187500001 0.2769801234375 0.922827003125 0.3363211046875 0.95857363125 0.34262419843749997 0.9690370484375 0.28328321875
0 0.6835119453125 1 0.684061640625 0.9968825265625 0.6599149140625 0.9926248062499999 0.65861446875 1 0.6835119453125 1
0 0.2683359578125 0.4571986359375 0.2183853734375 0.448391 0.2060296375 0.5184638578125 0.25598022187499997 0.52727149375 0.2683359578125 0.4571986359375