0 0.5949519234375 0.0016025640625 0.5259615390625 0.0016025640625 0.5259615390625 0.184615384375 0.5949519234375 0.184615384375 0.5949519234375 0.0016025640625
0 0.4855769234375 0.2022435890625 0.45384615312500004 0.2022435890625 0.45384615312500004 0.3054487171875 0.4855769234375 0.3054487171875 0.4855769234375 0.2022435890625
0 0.349278846875 0.1701923078125 0.28173076875 0.1701923078125 0.28173076875 0.29423076875 0.349278846875 0.29423076875 0.349278846875 0.1701923078125
0 0.4771634609375 0.4628205125 0.3228365390625 0.4628205125 0.3228365390625 0.6352564109375 0.4771634609375 0.6352564109375 0.4771634609375 0.4628205125
0 0.7610576921875001 0.765705128125 0.5716346156250001 0.765705128125 0.5716346156250001 0.9996794875000001 0.7610576921875001 0.9996794875000001 0.7610576921875001 0.765705128125
0 0.25 0.4253205125 0.21971153906250002 0.4253205125 0.21971153906250002 0.5237179484375 0.25 0.5237179484375 0.25 0.4253205125
0 0.29639423125 0.4637820515625 0.263221153125 0.4637820515625 0.263221153125 0.49583333281249997 0.29639423125 0.49583333281249997 0.29639423125 0.4637820515625
0 0.6137019234375 0.26923076875 0.49951923125000003 0.26923076875 0.49951923125000003 0.4141025640625 0.6137019234375 0.4141025640625 0.6137019234375 0.26923076875
0 0.3644230765625 0.5608974359375 0.3204326921875 0.5608974359375 0.3204326921875 0.7333333328125 0.3644230765625 0.7333333328125 0.3644230765625 0.5608974359375
0 0.2295673078125 0.21538461562500003 0.203125 0.21538461562500003 0.203125 0.28076923125 0.2295673078125 0.28076923125 0.2295673078125 0.21538461562500003
0 0.44326923125000006 0.24551282031250002 0.387259615625 0.24551282031250002 0.387259615625 0.2996794875 0.44326923125000006 0.2996794875 0.44326923125000006 0.24551282031250002