0 0.138911575 0.582064490625 0.04242065 0.573622628125 0.038242937500000004 0.6213741109375001 0.1347338625 0.629815971875 0.138911575 0.582064490625
0 0.3896543984375 0.4394083765625 0.2994205640625 0.4315139390625 0.293081965625 0.5039644609375 0.3833158 0.5118588984375 0.3896543984375 0.4394083765625
0 0.576138509375 0.2878119390625 0.45659514687499997 0.27735325 0.45210050312499994 0.3287272578125 0.5716438671875 0.339185946875 0.576138509375 0.2878119390625
0 0.62256285625 0.1478544328125 0.42167731249999996 0.130279225 0.4106711984375 0.25607968125 0.6115567421875 0.2736548890625 0.62256285625 0.1478544328125
0 1 0.0863011421875 0.8642625 0.07442565 0.8446128421875001 0.2990222734375 1 0.3126168875 1 0.0863011421875
0 0.68950345625 0.3385465640625 0.636812165625 0.3339366734375 0.6305600015625 0.40539923437500003 0.6832512921875 0.41000912500000003 0.68950345625 0.3385465640625
0 0.808741384375 0.276637134375 0.771198840625 0.2733525875 0.7684329062499999 0.3049673609375 0.80597545 0.3082519078125 0.808741384375 0.276637134375
0 0.376894046875 0.14527615 0.354170928125 0.14328813437500001 0.3521829125 0.166011253125 0.37490603125 0.16799926874999999 0.376894046875 0.14527615
0 0.35435245625 0.1791428734375 0.3240549640625 0.1764921859375 0.3235363515625 0.18241995625000001 0.35383384375000004 0.1850706421875 0.35435245625 0.1791428734375
0 0.304352459375 0.094462853125 0.2664805953125 0.0911494953125 0.26365703749999997 0.123422909375 0.3015289015625 0.12673626875 0.304352459375 0.094462853125
0 0.3552298 0.22600925 0.30056258593749996 0.22122648906250003 0.2984881359375 0.24493756875 0.35315534843749996 0.24972033124999998 0.3552298 0.22600925