0 0.30321592656249996 0.8306278718750001 0.2434915765625 0.8306278718750001 0.2434915765625 0.8872894328125 0.30321592656249996 0.8872894328125 0.30321592656249996 0.8306278718750001
0 0.8741194484375001 0.7176110265625 0.8073506890625 0.7176110265625 0.8073506890625 0.7718223578125001 0.8741194484375001 0.7718223578125001 0.8741194484375001 0.7176110265625
0 0.6872894328125 0.6875957125000001 0.61807044375 0.6875957125000001 0.61807044375 0.7292496171875 0.6872894328125 0.7292496171875 0.6872894328125 0.6875957125000001
0 0.7666156203125001 0.7488514546875 0.7228177640625 0.7488514546875 0.7228177640625 0.798162328125 0.7666156203125001 0.798162328125 0.7666156203125001 0.7488514546875
0 0.998774884375 0.8085758046875 0.9660030624999999 0.8085758046875 0.9660030624999999 0.8584992343750001 0.998774884375 0.8584992343750001 0.998774884375 0.8085758046875
0 0.9990811640624999 0.728637059375 0.9764165390624999 0.728637059375 0.9764165390624999 0.7941807046875 0.9990811640624999 0.7941807046875 0.9990811640624999 0.728637059375
0 0.9127105671875 0.619908115625 0.88820826875 0.619908115625 0.88820826875 0.6474732000000001 0.9127105671875 0.6474732000000001 0.9127105671875 0.619908115625
0 0.27105666093749997 0.45451761093750004 0.1568147015625 0.45451761093750004 0.1568147015625 0.5457886671875001 0.27105666093749997 0.5457886671875001 0.27105666093749997 0.45451761093750004
0 0.3914241953125 0.46248085781250003 0.3614088828125 0.46248085781250003 0.3614088828125 0.4814701375 0.3914241953125 0.4814701375 0.3914241953125 0.46248085781250003
0 0.40918836093750005 0.5127105671875001 0.1751914234375 0.5127105671875001 0.1751914234375 0.6768759578125 0.40918836093750005 0.6768759578125 0.40918836093750005 0.5127105671875001
0 0.6805513015625 0.4588055125 0.62725880625 0.4588055125 0.62725880625 0.5102603375 0.6805513015625 0.5102603375 0.6805513015625 0.4588055125
0 0.5212863703124999 0.5255742718749999 0.4281776421875 0.5255742718749999 0.4281776421875 0.6174578859375 0.5212863703124999 0.6174578859375 0.5212863703124999 0.5255742718749999
0 0.7803981624999999 0.4802450234375 0.7111791734375 0.4802450234375 0.7111791734375 0.5451761109375 0.7803981624999999 0.5451761109375 0.7803981624999999 0.4802450234375
0 0.8808575796874999 0.46983154687499995 0.788361409375 0.46983154687499995 0.788361409375 0.5482388968749999 0.8808575796874999 0.5482388968749999 0.8808575796874999 0.46983154687499995