0 0.360235009375 0.8012606640625 0.23516956718749998 0.8278441437499999 0.245696740625 0.8773706046875 0.3707621828125 0.8507871250000001 0.360235009375 0.8012606640625
0 0.1635221921875 0.6518801265625 0.11037936875000001 0.66317598125 0.12922640624999998 0.7518443234375 0.1823692296875 0.7405484671875 0.1635221921875 0.6518801265625
0 0.05486017343750001 0.8106489375000001 0.1263832203125 0.7954462453125 0.1127148734375 0.7311417265625 0.041191825 0.7463444203125 0.05486017343750001 0.8106489375000001
0 0.2115833125 0.543980590625 0.099703684375 0.5677613390625 0.1073443765625 0.6037079640624999 0.21922400312499998 0.5799272156249999 0.2115833125 0.543980590625
0 0.24817953125 0.5157466625 0.14828700625 0.5369794734375 0.1561823875 0.5741243203125 0.2560749109375 0.552891509375 0.24817953125 0.5157466625
0 0 0.550548403125 0.03435510625 0.543246 0.008631446875 0.422225696875 0 0.4240603671875 0 0.550548403125
0 0.0610205953125 0.2207318078125 0.0006855109375 0.2335564265625 0.02241903125 0.33580460156249997 0.082754115625 0.322979984375 0.0610205953125 0.2207318078125
0 0.25171058749999997 0.17477251875 0.0834915765625 0.21052857343750003 0.0937640609375 0.25885681250000003 0.2619830703125 0.2231007578125 0.25171058749999997 0.17477251875
0 0.1320178125 0.08124010781249999 0.0401166890625 0.10077429375 0.049115725 0.14311143125 0.1410168484375 0.12357724375000001 0.1320178125 0.08124010781249999
0 0.6778083171875 0.04370978125 0.6378513078125 0.05220290625 0.6573775171875 0.1440665015625 0.6973345281250001 0.1355733765625 0.6778083171875 0.04370978125
0 0.714135821875 0.15370966875 0.6542003078125 0.16644935624999999 0.6722832765625 0.2515230359375 0.732218790625 0.23878334843750001 0.714135821875 0.15370966875
0 0.6501400265624999 0.1552062796875 0.5446535203125 0.1776281296875 0.5575577984375 0.23833798593750002 0.6630443046875001 0.2159161359375 0.6501400265624999 0.1552062796875
0 0.6817133234375 0.24283938124999999 0.58381865 0.2636475359375 0.5979963765625 0.3303484953125 0.69589105 0.3095403390625 0.6817133234375 0.24283938124999999
0 0.5828736609375 0.2984969375 0.5493097734375 0.3056311625 0.5727412265625 0.415867478125 0.6063051140625 0.40873325312500003 0.5828736609375 0.2984969375
0 0.6838115546875 0.39810308125 0.5975044140625 0.41644823124999997 0.6198322109375 0.52149225625 0.7061393515625001 0.5031471078124999 0.6838115546875 0.39810308125
0 0.6649096250000001 0.6530096234375 0.5973822765625 0.667363003125 0.6239549015625 0.7923773749999999 0.69148225 0.7780239953125 0.6649096250000001 0.6530096234375
0 0.46977477187499994 0.5149823421875 0.4306169015625 0.5233056046875 0.4503978015625 0.6163674218749999 0.489555671875 0.608044159375 0.46977477187499994 0.5149823421875
0 1 0.5291849796875 0.9075401 0.5488379375 0.9224818953125 0.619133559375 1 0.6026565765624999 1 0.5291849796875
0 0.9561163968749999 0.24295652343750002 0.9065697046875 0.2534879984375 0.924992259375 0.3401593046875 0.9745389515625 0.32962783125 0.9561163968749999 0.24295652343750002
0 0.3826102046875 0.6491440203125001 0.35384115625 0.6552590703125001 0.367509503125 0.7195635874999999 0.39627855156249997 0.7134485374999999 0.3826102046875 0.6491440203125001
0 0.48797770781249994 0.5966909031250001 0.379294640625 0.6197922015625 0.3886332640625 0.663726965625 0.49731632968749995 0.6406256671875 0.48797770781249994 0.5966909031250001
0 0.4122209578125 0.5526803703125001 0.353883721875 0.5650803328125 0.366108828125 0.6225949328125 0.42444606250000005 0.610194971875 0.4122209578125 0.5526803703125001
0 0.6198776765625 0.3311243609375 0.587112928125 0.33808872343749996 0.6096954140624999 0.44433096875 0.6424601625 0.43736660625 0.6198776765625 0.3311243609375
0 0.8999959234375 0.8021652171874999 0.7709347828124999 0.829598009375 0.79538499375 0.944627209375 0.924446134375 0.9171944171874999 0.8999959234375 0.8021652171874999
0 0.7656549796875 0.5021853328125 0.6210106046874999 0.5329304453125 0.66931675 0.7601929953125001 0.8139611265625 0.7294478843750001 0.7656549796875 0.5021853328125