0 0.602878290625 0.46856754531249994 0.31763248593750004 0.4635885625 0.313057359375 0.725697396875 0.5983031640625 0.7306763796875 0.602878290625 0.46856754531249994
0 0.7167474625 0.593549078125 0.6407259859375001 0.59222211875 0.6393240234374999 0.6725404640625 0.7153455015625 0.6738674234375 0.7167474625 0.593549078125
0 0.8503815156250001 0.6848208359375 0.5707546890625 0.6799399312500001 0.567616140625 0.859747253125 0.8472429671875 0.86462815625 0.8503815156250001 0.6848208359375
0 0.2137708890625 0.5229419921875 0.0881701859375 0.5207496234375 0.08668745312500001 0.6056953625 0.21228815625 0.6078877296874999 0.2137708890625 0.5229419921875
0 0.8436135703125001 0.0875869640625 0.7338782203124999 0.085671525 0.7332608953124999 0.12103804062500001 0.8429962453125001 0.12295347812499999 0.8436135703125001 0.0875869640625
0 0.22618545937499998 0.190546046875 0.1319849328125 0.18890177187499999 0.13079066875 0.2573211 0.22499119531249998 0.2589653765625 0.22618545937499998 0.190546046875
0 0.1296935625 0.2444074234375 0.031196168749999996 0.2426881453125 0.03056730625 0.278715715625 0.1290646984375 0.28043499375000003 0.1296935625 0.2444074234375
0 0.13678223437499998 0.2739571265625 0.0386153703125 0.2722436171875 0.03788265625 0.3142206953125 0.136049521875 0.3159342046875 0.13678223437499998 0.2739571265625
0 0.642799790625 0.568122409375 0.5707446515625 0.5668646828125 0.5697234703125 0.6253681671875 0.641778609375 0.6266258953125 0.642799790625 0.568122409375
0 0.9957694265624999 0.7088494671875 0.96635241875 0.7083359921875 0.9658562500000001 0.7367614125 0.9952732578125 0.7372748890625 0.9957694265624999 0.7088494671875
0 0.8037859875000001 0.58878639375 0.7842848265625 0.588446 0.784019434375 0.6036502953125 0.8035205968750001 0.6039906890625 0.8037859875000001 0.58878639375
0 0 0.87265286875 0.22148559375 0.8765189124999999 0.2238395046875 0.741663421875 0 0.7377562906249999 0 0.87265286875
0 0 0.9903567453125 0.06639715 0.9915157109375 0.0701241765625 0.7779945171875 0 0.7767704953125001 0 0.9903567453125
0 0.36851050937499996 0.9204138515625001 0.2706741734375 0.9187061109375 0.270183775 0.9468010046875 0.3680201109375 0.9485087453125001 0.36851050937499996 0.9204138515625001
0 0.45936611875000005 0.867445978125 0.353927634375 0.8656055421875 0.35305645625 0.915515296875 0.45849494062499996 0.91735573125 0.45936611875000005 0.867445978125
0 0.586758678125 0.8048663640625 0.5004908265625 0.803360553125 0.4997985 0.8430239343749999 0.5860663515625 0.8445297453125 0.586758678125 0.8048663640625
0 0.400685284375 0.7629348640625 0.294255215625 0.7610771203125 0.29310710625 0.826852225 0.39953717499999997 0.8287099687499999 0.400685284375 0.7629348640625
0 0.42469770156250003 0.8268347453124999 0.40552706718750003 0.8265001203125 0.4053078296875 0.8390601906249999 0.424478465625 0.839394815625 0.42469770156250003 0.8268347453124999
0 0.4040145640625 0.837384471875 0.3888102703125 0.83711908125 0.38848141406250003 0.8559591859375001 0.40368570937500003 0.8562245781250001 0.4040145640625 0.837384471875
0 0.2796353015625 0.746274259375 0.223776040625 0.7452992328125 0.2228010140625 0.801158490625 0.2786602734375 0.80213351875 0.2796353015625 0.746274259375
0 0.96838935625 0.8568239078125 0.9376502375 0.8562873546875001 0.9369348328125 0.8972728468750001 0.967673953125 0.8978094000000001 0.96838935625 0.8568239078125
0 0.990687375 1 0.9913558421875001 0.9617035125 0.9586335531250001 0.9611323437499999 0.957955115625 1 0.990687375 1