0 0.60231405 0.466776859375 0.31702479375000003 0.466776859375 0.31702479375000003 0.7289256203125001 0.60231405 0.7289256203125001 0.60231405 0.466776859375
0 0.7183471078125 0.589752065625 0.64231405 0.589752065625 0.64231405 0.6700826453125 0.7183471078125 0.6700826453125 0.7183471078125 0.589752065625
0 0.85355371875 0.6786776859375 0.573884296875 0.6786776859375 0.573884296875 0.858512396875 0.85355371875 0.858512396875 0.85355371875 0.6786776859375
0 0.2142148765625 0.527933884375 0.088595040625 0.527933884375 0.088595040625 0.6128925625 0.2142148765625 0.6128925625 0.2142148765625 0.527933884375
0 0.8363636359375001 0.0816528921875 0.7266115703125 0.0816528921875 0.7266115703125 0.11702479375 0.8363636359375001 0.11702479375 0.8363636359375001 0.0816528921875
0 0.220826446875 0.1953719015625 0.1266115703125 0.1953719015625 0.1266115703125 0.263801653125 0.220826446875 0.263801653125 0.220826446875 0.1953719015625
0 0.12528925625 0.250909090625 0.026776859375 0.250909090625 0.026776859375 0.2869421484375 0.12528925625 0.2869421484375 0.12528925625 0.250909090625
0 0.1328925625 0.280330578125 0.03471074375 0.280330578125 0.03471074375 0.32231405 0.1328925625 0.32231405 0.1328925625 0.280330578125
0 0.6439669421875001 0.565619834375 0.5719008265625 0.565619834375 0.5719008265625 0.6241322312500001 0.6439669421875001 0.6241322312500001 0.6439669421875001 0.565619834375
0 0.99933884375 0.7001652890625001 0.9699173546875001 0.7001652890625001 0.9699173546875001 0.7285950406249999 0.99933884375 0.7285950406249999 0.99933884375 0.7001652890625001
0 0.80528925625 0.5834710750000001 0.7857851234375001 0.5834710750000001 0.7857851234375001 0.5986776859375 0.80528925625 0.5986776859375 0.80528925625 0.5834710750000001
0 0 0.8813223140625001 0.22809917343750002 0.8813223140625001 0.22809917343750002 0.74644628125 0 0.74644628125 0 0.8813223140625001
0 0.075041321875 0.7854545453124999 0.0006611562500000001 0.7854545453124999 0.0006611562500000001 0.9990082640625 0.075041321875 0.9990082640625 0.075041321875 0.7854545453124999
0 0.37586776875 0.922644628125 0.2780165296875 0.922644628125 0.2780165296875 0.9507438015625 0.37586776875 0.9507438015625 0.37586776875 0.922644628125
0 0.4657851234375 0.8680991734375001 0.360330578125 0.8680991734375001 0.360330578125 0.9180165296875 0.4657851234375 0.9180165296875 0.4657851234375 0.8680991734375001
0 0.592066115625 0.8033057843750001 0.5057851234374999 0.8033057843750001 0.5057851234374999 0.84297520625 0.592066115625 0.84297520625 0.592066115625 0.8033057843750001
0 0.40528925625 0.7646280984375 0.298842975 0.7646280984375 0.298842975 0.8304132234375 0.40528925625 0.8304132234375 0.40528925625 0.7646280984375
0 0.43041322343750005 0.8280991734375001 0.41123966875000006 0.8280991734375001 0.41123966875000006 0.84066115625 0.43041322343750005 0.84066115625 0.43041322343750005 0.8280991734375001
0 0.4099173546875 0.8390082640625 0.39471074375000004 0.8390082640625 0.39471074375000004 0.8578512390625 0.4099173546875 0.8578512390625 0.4099173546875 0.8390082640625
0 0.2839669421875 0.7500826453125 0.22809917343750002 0.7500826453125 0.22809917343750002 0.8059504125 0.2839669421875 0.8059504125 0.2839669421875 0.7500826453125
0 0.9745454546874999 0.848595040625 0.943801653125 0.848595040625 0.943801653125 0.8895867765625001 0.9745454546874999 0.8895867765625001 0.9745454546874999 0.848595040625
0 0.99933884375 0.9530578515625001 0.9666115703125 0.9530578515625001 0.9666115703125 0.99933884375 0.99933884375 0.99933884375 0.99933884375 0.9530578515625001