0 0.48630950625 0.19546428437500002 0.439669271875 0.18469653749999998 0.415170634375 0.2908117953125 0.46181086875000005 0.3015795421875 0.48630950625 0.19546428437500002
0 0.574631234375 0.2991177296875 0.5248494296875 0.2876246953125 0.49539155468749996 0.41522077343749997 0.545173359375 0.426713809375 0.574631234375 0.2991177296875
0 0.9902698687499999 0.2937121 0.632130871875 0.21102919843749998 0.49148687031250005 0.8202252968750001 0.8496258671874999 0.9029082 0.9902698687499999 0.2937121
0 0.6018075406250001 0.5805210187500001 0.4618868390625 0.5482177796875 0.38809337187500004 0.8678524031249999 0.5280140734375001 0.9001556421875 0.6018075406250001 0.5805210187500001
0 0.34783893906249996 0.6232511140625 0.218792903125 0.5934584890625 0.143511665625 0.9195373609375 0.2725577 0.9493299859375 0.34783893906249996 0.6232511140625
0 0.3010630234375 0.34184805156250003 0.2428231453125 0.328402315625 0.21227423750000002 0.4607241765625 0.2705141140625 0.47416991093750005 0.3010630234375 0.34184805156250003
0 0.2521573015625 0.5029655046875 0.2391077015625 0.4999527671875 0.229090040625 0.5433440265625 0.24213964062499999 0.5463567640625 0.2521573015625 0.5029655046875
0 0.2061778609375 0.5819482921875 0.1605042640625 0.5714037109375 0.1256904109375 0.722199078125 0.1713640078125 0.732743659375 0.2061778609375 0.5819482921875
0 0.3254011265625 0.8891274453125 0.2983352921875 0.8828788046874999 0.2818706203125 0.9541951328125 0.30893645625 0.9604437734375001 0.3254011265625 0.8891274453125
0 0.472174028125 0.6039895390625001 0.4062010546875 0.5887584765625 0.3840828515625 0.684562940625 0.450055825 0.6997940015624999 0.472174028125 0.6039895390625001
0 0.6090093734375001 0.2351046578125 0.54351971875 0.2199851796875 0.527352603125 0.29001265625 0.5928422578125 0.30513213437500003 0.6090093734375001 0.2351046578125
0 0.4462882828125 0.23871640156249999 0.4052062109375 0.22923185781250002 0.3806083890625 0.3357767328125 0.421690459375 0.34526127500000003 0.4462882828125 0.23871640156249999
0 0.42668585468750003 0.3346491640625 0.40372822656249996 0.32934897812499997 0.3925203484375 0.377895634375 0.4154779765625 0.3831958203125 0.42668585468750003 0.3346491640625