0 0.47510104062499997 0.47401480781250005 0.6105606406249999 0.4787451609375 0.6177087296875 0.2740506546875 0.48224912968750006 0.2693203015625 0.47510104062499997 0.47401480781250005
0 0.4456733296875 0.140790159375 0.4887570078125 0.1422946734375 0.49082434687500004 0.0830938109375 0.44774066875 0.0815892953125 0.4456733296875 0.140790159375
0 0.4266363765625 0.6913313 0.51092235 0.69427463125 0.518222278125 0.48523203906249995 0.43393630468750005 0.48228870781250005 0.4266363765625 0.6913313
0 0.2167211484375 0.43451826406249994 0.2588641328125 0.43598992968749994 0.2627418546875 0.3249465046875 0.2205988703125 0.3234748390625 0.2167211484375 0.43451826406249994
0 0.7121471015624999 0.5472585859375 0.742249234375 0.548309775 0.744199775 0.4924535953125 0.7140976421875 0.49140240625000003 0.7121471015624999 0.5472585859375
0 0.2577265421875 0.9486453906250001 0.270331809375 0.9490855765624999 0.27175675625 0.9082804609374999 0.2591514875 0.9078402750000001 0.2577265421875 0.9486453906250001
0 0.5185178578125 1 0.5201432171875 0.9534557953125 0.49530895781249995 0.9525885625000001 0.49366209375 0.9997485718749999 0.5008620546875 1 0.5185178578125 1
0 0.938852440625 0.749403403125 0.9441203140625 0.7495873609375 0.9446575875000001 0.734201825 0.9393897140625 0.7340178671875 0.938852440625 0.749403403125
0 0.8497309953125001 0.8849298843750001 0.8617718484375001 0.8853503593750001 0.8632668734375001 0.8425384375 0.8512260203125 0.8421179609375 0.8497309953125001 0.8849298843750001
0 0.6729479359375 0.7635591328125 0.692138046875 0.7642292671875001 0.693633071875 0.72141734375 0.6744429625 0.7207472109374999 0.6729479359375 0.7635591328125
0 0.6592722375 0.7614071874999999 0.6652926640625 0.7616174265625 0.6660985765625 0.7385391234375 0.66007815 0.738328884375 0.6592722375 0.7614071874999999
0 0.6464299296875 0.703025171875 0.6535791859375 0.7032748296875 0.654069740625 0.6892271671875 0.646920484375 0.688977509375 0.6464299296875 0.703025171875
0 0.363408559375 0.18245591875 0.4207907515625 0.18445974999999998 0.42437647656250005 0.0817780296875 0.366994284375 0.0797741984375 0.363408559375 0.18245591875
0 0.31682374062499996 0.9932383640625 0.3781568359375 0.9953801640625001 0.3822564765625 0.87798184375 0.3209233796875 0.87584004375 0.31682374062499996 0.9932383640625
0 0.382844834375 0.9798046984375001 0.399777284375 0.9803959921875001 0.40073503437499997 0.9529696046874999 0.3838025859375 0.9523783109374999 0.382844834375 0.9798046984375001
0 0.2205300515625 0.330839709375 0.3209959203125 0.3343480546875 0.3269877015625 0.16276589375 0.2265218328125 0.1592575484375 0.2205300515625 0.330839709375
0 0.2391470171875 0.09439760625 0.2436623375 0.0945552859375 0.2447135265625 0.064453153125 0.2401982078125 0.0642954734375 0.2391470171875 0.09439760625
0 0.277421196875 0.044833015625 0.295670615625 0.045470300000000005 0.2969203625 0.0096822078125 0.2786709453125 0.009044924999999999 0.277421196875 0.044833015625
0 0.252689196875 0.0787964625 0.27865228750000004 0.07970311249999999 0.280123953125 0.037560126562500004 0.2541608625 0.036653475000000005 0.252689196875 0.0787964625
0 0.20840879218750002 0.1385324671875 0.2180038453125 0.138867534375 0.218798078125 0.11612369843749999 0.20920302343750002 0.1157886328125 0.20840879218750002 0.1385324671875
0 0.267676484375 0.1081191671875 0.29683792656249997 0.1091375078125 0.29912718437499997 0.0435817484375 0.2699657421875 0.042563409375 0.267676484375 0.1081191671875
0 0.2241922484375 0.0533553765625 0.26087922343750003 0.054636514062499995 0.2619888125 0.022862040625 0.2253018375 0.021580903125000002 0.2241922484375 0.0533553765625
0 0 0.7936394375 0.003188071875 0.7937507671875 0.004157503125 0.765989909375 0 0.7658447265625 0 0.7936394375