0 0.60213450625 0.54737051875 0.4695542578125 0.5191897171875001 0.4269699359375 0.7195332015625 0.5595501828125 0.747714003125 0.60213450625 0.54737051875
0 0.402554221875 0.8443600234374999 0.3603863375 0.8353969625 0.348070284375 0.8933394421875 0.39023816718750004 0.9023025015625 0.402554221875 0.8443600234374999
0 0.557597196875 0.3141385109375 0.475102821875 0.296603790625 0.4316139296875 0.5012029359375 0.5141083046875 0.51873765625 0.557597196875 0.3141385109375
0 0.2505414625 0.5037726515625 0.20929427500000003 0.495005290625 0.1861929765625 0.6036883578125 0.2274401625 0.6124557171875 0.2505414625 0.5037726515625
0 0.7467405890625 0.511730625 0.7172783140625001 0.505468225 0.70565808125 0.560137115625 0.7351203578125001 0.566399515625 0.7467405890625 0.511730625
0 0.3857975703125 0.008692420312500001 0.3734602421875 0.006070040625 0.36497121093749996 0.0460077953125 0.3773085390625 0.048630175 0.3857975703125 0.008692420312500001
0 0.6390568562500001 0.0187292984375 0.614750478125 0.01356281875 0.6049393843749999 0.059720385937499995 0.6292457625 0.064886865625 0.6390568562500001 0.0187292984375
0 0.9913086890624999 0.36526887812500003 0.986152790625 0.36417295781250003 0.9829520078125 0.37923145625 0.98810790625 0.38032737656250004 0.9913086890624999 0.36526887812500003
0 0.9442503671875 0.2136167234375 0.9324654578124999 0.21111176406249998 0.9235589328125 0.25301366875000003 0.9353438421875 0.2555186296875 0.9442503671875 0.2136167234375
0 0.7503535718750001 0.29010187187500003 0.73157136875 0.2861095921875 0.72266484375 0.328011496875 0.7414470468750001 0.332003778125 0.7503535718750001 0.29010187187500003
0 0.72367375 0.28614164375 0.71778129375 0.28488916406250003 0.7129801203125 0.3074769109375 0.718872575 0.30872939062500004 0.72367375 0.28614164375
0 0.698193859375 0.33991746875 0.69119656875 0.33843014843749997 0.688274115625 0.3521792125 0.6952714062500001 0.35366653124999997 0.698193859375 0.33991746875
0 0.346807509375 0.7870049046875 0.29064504375 0.7750672046875 0.2692833 0.8755663031250001 0.325445765625 0.8875040046875 0.346807509375 0.7870049046875
0 0.4367221703125 0 0.41716665624999993 0.09200145625 0.4771960453125 0.10476109687499999 0.4994637046875 0 0.4367221703125 0
0 0.5189726359375 0.009627753125000001 0.50240010625 0.006105153125 0.4966943640625 0.032948559375000006 0.51326689375 0.036471159375 0.5189726359375 0.009627753125000001
0 0.2862382734375 0.61742636875 0.187907925 0.5965256078125 0.1522122421875 0.7644605875 0.2505425921875 0.7853613484374999 0.2862382734375 0.61742636875
0 0.1531907078125 0.8313875812499999 0.1487713671875 0.8304482203125 0.14250896562499998 0.859910496875 0.1469283078125 0.8608498578124999 0.1531907078125 0.8313875812499999
0 0.191779384375 0.8915964734375 0.1739178796875 0.8877998937499999 0.16647258125 0.9228272671875001 0.1843340859375 0.926623846875 0.191779384375 0.8915964734375
0 0.183548240625 0.854263415625 0.1581370265625 0.8488620953125 0.149369665625 0.8901092828125 0.1747808796875 0.8955106031250001 0.183548240625 0.854263415625
0 0.13901448593750002 0.78218424375 0.1296233859375 0.7801881046875 0.12489179375 0.8024484921875 0.13428289531249998 0.8044446328125 0.13901448593750002 0.78218424375
0 0.20831451250000002 0.8301028531249999 0.17977293125 0.8240361515625001 0.16613481562500002 0.8881984453125 0.194676396875 0.8942651453125 0.20831451250000002 0.8301028531249999
0 0.1602389546875 0.8742857359375 0.124331803125 0.866653434375 0.11772149218750001 0.8977525046875 0.1536286421875 0.9053848062500001 0.1602389546875 0.8742857359375
0 0.0890102515625 0.094785203125 0.075936365625 0.0920062625 0.070161040625 0.11917702968749999 0.0832349265625 0.12195597031250001 0.0890102515625 0.094785203125