0 0.66349801875 0.19075219999999998 0.54348426875 0.176016365625 0.529898996875 0.286659525 0.649912746875 0.301395359375 0.66349801875 0.19075219999999998
0 0.3379127734375 0 0.3195753171875 0.1493465953125 0.5446010984375 0.1769762875 0.5657503312500001 0.004729609375 0.5272307546875 0 0.3379127734375 0
0 0.18604548125 0 0.1851910265625 0.006958976562499999 0.32791008125 0.024482673437499998 0.3309161765625 0 0.18604548125 0
0 0.7617435718750001 0.07775072656250001 0.6972767265625001 0.06983519375 0.690508971875 0.12495413124999999 0.7549758171875001 0.1328696640625 0.7617435718750001 0.07775072656250001
0 0.642736421875 0.0145937078125 0.6103002734375 0.01061105 0.6044780140625 0.0580295484375 0.6369141625 0.06201220625 0.642736421875 0.0145937078125
0 0.7577793171875 0.3446716484375 0.7046651234375 0.33815004531250004 0.6930206046875 0.43298704062500004 0.7461347984375 0.43950864218749996 0.7577793171875 0.3446716484375
0 0.0815081078125 0 0.077926646875 0.0291686578125 0.129824484375 0.035540910937499996 0.134188359375 0 0.0815081078125 0
0 0.44107540937499995 0.5575599062500001 0.42404642968750006 0.555469009375 0.42230472812500003 0.5696540296875 0.4393337078125 0.571744925 0.44107540937499995 0.5575599062500001
0 0.958862196875 0.768416046875 0.9389950546874999 0.76597666875 0.9368054875 0.783809265625 0.9566726296875 0.78624864375 0.958862196875 0.768416046875
0 0.6752241765625 0.541056153125 0.6561679390624999 0.5387163421875 0.6541276593750001 0.5553330796875 0.6731838984375 0.5576728906249999 0.6752241765625 0.541056153125
0 0.6859494749999999 0.1252170875 0.647026096875 0.12043789687499999 0.641502415625 0.16542467656249998 0.68042579375 0.1702038671875 0.6859494749999999 0.1252170875
0 0.7455011359375 0.1329405078125 0.7045504984375001 0.1279124015625 0.6989770531249999 0.17330446875 0.739927690625 0.178332575 0.7455011359375 0.1329405078125
0 0.1457121640625 0 0.14366528125 0.0166705265625 0.1724523640625 0.0202051359375 0.1749332421875 0 0.1457121640625 0
0 0.95478835 0.8954487296875 0.9438411500000001 0.8941045828125 0.9418506343749999 0.910316034375 0.9527978328125 0.91166018125 0.95478835 0.8954487296875