0 0.614583190625 0.6124886015625 0.5673347125 0.6066872171875 0.562822525 0.643436034375 0.6100710031250001 0.6492374171875 0.614583190625 0.6124886015625
0 0.7566795796875 0.6216093171875 0.6785883453125 0.6120209187500001 0.6763322515625 0.6303953265625 0.7544234859375 0.639983725 0.7566795796875 0.6216093171875
0 0.6013423062500001 0.55757305 0.547859653125 0.5510062062500001 0.5450395359375 0.5739742156250001 0.5985221890625 0.580541059375 0.6013423062500001 0.55757305
0 0.6640117421875 0.5462834046875 0.619060065625 0.5407640328125 0.6167636843750001 0.5594665578125 0.6617153609375 0.5649859296875 0.6640117421875 0.5462834046875
0 0.7026719328125 0.5623543578125 0.6793758078125001 0.5594939531249999 0.6781268984375 0.5696655015625 0.7014230234375 0.57252590625 0.7026719328125 0.5623543578125
0 0.70861989375 0.3755712765625 0.6699023921875 0.370817365625 0.66474560625 0.4128160125 0.703463109375 0.4175699234375 0.70861989375 0.3755712765625
0 0.5519195046875 0.363325171875 0.524029778125 0.35990074375000003 0.517543509375 0.41272716562499995 0.5454332359375 0.41615159375 0.5519195046875 0.363325171875
0 0.6181757140624999 0.11666867031249999 0.5400844796875 0.107080271875 0.5346859703125 0.15104760625 0.6127772046875 0.16063600312499998 0.6181757140624999 0.11666867031249999
0 0.2555806765625 0.3409279046875 0.19717630625 0.33375675 0.1937921671875 0.3613183625 0.2521965359375 0.3684895171875 0.2555806765625 0.3409279046875
0 0.1675326421875 0.4097185671875 0.1376742296875 0.40605241562499994 0.1301002 0.46773792968750005 0.1599586125 0.47140408125000005 0.1675326421875 0.4097185671875
0 0 0.592315415625 0.0238517984375 0.5952440484375 0.026148178124999998 0.5765415265625 0 0.573330934375 0 0.592315415625
0 0.8966576359375 0.11089461874999999 0.8480966999999999 0.1049320859375 0.8439470984374999 0.138727871875 0.892508034375 0.1446904046875 0.8966576359375 0.11089461874999999
0 0.894248371875 0.491287634375 0.7925328984375 0.47879854374999997 0.77625679375 0.611356775 0.87797226875 0.623845865625 0.894248371875 0.491287634375
0 0.3697803296875 0.5501236625 0.3350001984375 0.5458532 0.33354985312499996 0.55766531875 0.3683299828125 0.5619357828125 0.3697803296875 0.5501236625