0 0.53207009375 0.7326152828125 0.5754967484375 0.74105656875 0.6115767625 0.5554409859375 0.5681501078125 0.5469997 0.53207009375 0.7326152828125
0 0.5865657671875 0.77389240625 0.6203831203125 0.780465834375 0.6343042578125 0.7088477859375 0.60048690625 0.7022743578124999 0.5865657671875 0.77389240625
0 0.65453669375 0.7270998843750001 0.68317980625 0.732667540625 0.7080207359374999 0.604872034375 0.6793776234375 0.599304378125 0.65453669375 0.7270998843750001
0 0.33029216875 0.458488740625 0.38129538749999997 0.46840276249999996 0.3981540140625 0.38167264843750004 0.34715079531250004 0.371758628125 0.33029216875 0.458488740625
0 0.335223475 0 0.31372835781249997 0.11058279062500001 0.4438235265625 0.1358707296875 0.470234121875 0 0.335223475 0
0 0.200916865625 0.19468554531249999 0.3018145390625 0.21429806718750002 0.32761334531249997 0.08157471250000001 0.226715671875 0.061962190625 0.200916865625 0.19468554531249999
0 0.2333937734375 0.254525365625 0.3159968140625 0.2705817703125 0.33330245000000003 0.1815519953125 0.250699409375 0.16549559062500002 0.2333937734375 0.254525365625
0 0.180615003125 0.38200434687499996 0.2866869171875 0.40262263750000005 0.313890609375 0.26267177343750003 0.2078186953125 0.2420534828125 0.180615003125 0.38200434687499996
0 0.1866149140625 0.45374435625 0.22967197968750003 0.462113803125 0.24378469218749999 0.3895101859375 0.20072762656249998 0.3811407390625 0.1866149140625 0.45374435625
0 0.6331462265625001 0.4651944 0.6584630421875 0.470115490625 0.6674032234375 0.42412225000000003 0.6420864078124999 0.419201159375 0.6331462265625001 0.4651944
0 0.63885396875 0.53449106875 0.6791391203125 0.542321709375 0.7032137484375001 0.41846847968749995 0.6629285968749999 0.41063784062500003 0.63885396875 0.53449106875
0 0.39033045781250003 0.2966225890625 0.4198975421875 0.30236984843750003 0.42717740312499997 0.2649182078125 0.39761031875 0.25917095 0.39033045781250003 0.2966225890625
0 0.026918709375 0.3163305359375 0.082356990625 0.3271066453125 0.13018695625 0.08104280312499999 0.074748675 0.07026669375 0.026918709375 0.3163305359375
0 0.59602063125 0.3809263859375 0.6222614171874999 0.38602707812500003 0.6433347 0.2776144375 0.6170939140625 0.2725137453125 0.59602063125 0.3809263859375
0 0.639862003125 0.196819459375 0.668135528125 0.202315275 0.6939981921875 0.0692633984375 0.66572466875 0.06376758125000001 0.639862003125 0.196819459375
0 0.642682153125 0.682519534375 0.667444584375 0.6873328640625 0.6849417953125 0.5973175187499999 0.6601793625 0.5925041906249999 0.642682153125 0.682519534375