0 0.437748015625 0.82965534375 0.2581845234375 0.82965534375 0.2581845234375 0.9015621125 0.437748015625 0.9015621125 0.437748015625 0.82965534375
0 0.6071428578125 0.6905529375 0.518105159375 0.6905529375 0.518105159375 0.7463426734375 0.6071428578125 0.7463426734375 0.6071428578125 0.6905529375
0 0.518601190625 0.6838581703125 0.421875 0.6838581703125 0.421875 0.7483263078125 0.518601190625 0.7483263078125 0.518601190625 0.6838581703125
0 0.95362103125 0.6372427468749999 0.9017857140625001 0.6372427468749999 0.9017857140625001 0.6801388546875 0.95362103125 0.6801388546875 0.95362103125 0.6372427468749999
0 0.422123015625 0.6709645421875 0.31349206406249996 0.6709645421875 0.31349206406249996 0.7726258374999999 0.422123015625 0.7726258374999999 0.422123015625 0.6709645421875
0 0.415674603125 0.5985618640625 0.30357142812500004 0.5985618640625 0.30357142812500004 0.672948178125 0.415674603125 0.672948178125 0.415674603125 0.5985618640625
0 0.902777778125 0.6114554921875001 0.8417658734375 0.6114554921875001 0.8417658734375 0.641457971875 0.902777778125 0.641457971875 0.902777778125 0.6114554921875001
0 0.909226190625 0.6280684359375 0.8234126984374999 0.6280684359375 0.8234126984374999 0.7079097453125 0.909226190625 0.7079097453125 0.909226190625 0.6280684359375
0 0.8417658734375 0.5581453015625 0.7765376984375 0.5581453015625 0.7765376984375 0.5903793703125 0.8417658734375 0.5903793703125 0.8417658734375 0.5581453015625
0 0.5359623015625 0.488470121875 0.5138888890625 0.488470121875 0.5138888890625 0.4993801140625 0.5359623015625 0.4993801140625 0.5359623015625 0.488470121875
0 0.091269840625 0.8713116781249999 0.000248015625 0.8713116781249999 0.000248015625 0.9729729734375001 0.091269840625 0.9729729734375001 0.091269840625 0.8713116781249999
0 0.0486111109375 0.6216216218749999 0.000744046875 0.6216216218749999 0.000744046875 0.6707165875000001 0.0486111109375 0.6707165875000001 0.0486111109375 0.6216216218749999
0 0.3174603171875 0.6808827171875 0.278769840625 0.6808827171875 0.278769840625 0.720803371875 0.3174603171875 0.720803371875 0.3174603171875 0.6808827171875
0 0.08333333281250001 0.4964046609375 0.0560515875 0.4964046609375 0.0560515875 0.5120257875 0.08333333281250001 0.5120257875 0.08333333281250001 0.4964046609375
0 0.07862103125 0.484254896875 0.053819443749999994 0.484254896875 0.053819443749999994 0.4969005703125 0.07862103125 0.4969005703125 0.07862103125 0.484254896875
0 0.5300099203124999 0.62782048125 0.46279761875 0.62782048125 0.46279761875 0.6697247703125 0.5300099203124999 0.6697247703125 0.5300099203124999 0.62782048125
0 0.84052579375 0.6749318125 0.552579365625 0.6749318125 0.552579365625 0.7406397218749999 0.84052579375 0.7406397218749999 0.84052579375 0.6749318125
0 0.053819443749999994 0.43863129218749997 0.014384920312499999 0.43863129218749997 0.014384920312499999 0.5110339703125 0.053819443749999994 0.5110339703125 0.053819443749999994 0.43863129218749997
0 0.07118055625 0.41755517031249995 0.00049603125 0.41755517031249995 0.00049603125 0.44755765 0.07118055625 0.44755765 0.07118055625 0.41755517031249995