0 0.35240384687500004 0.1080128203125 0.2677884609375 0.1080128203125 0.2677884609375 0.22692307656250002 0.35240384687500004 0.22692307656250002 0.35240384687500004 0.1080128203125
0 0.35625 0.40801282031249997 0.2987980765625 0.40801282031249997 0.2987980765625 0.449358975 0.35625 0.449358975 0.35625 0.40801282031249997
0 0.428365384375 0.6115384609375 0.3701923078125 0.6115384609375 0.3701923078125 0.7044871796875001 0.428365384375 0.7044871796875001 0.428365384375 0.6115384609375
0 0.5456730765625 0.763141025 0.43365384687499997 0.763141025 0.43365384687499997 0.9102564109375001 0.5456730765625 0.9102564109375001 0.5456730765625 0.763141025
0 0.55889423125 0.900641025 0.5237980765625 0.900641025 0.5237980765625 0.950641025 0.55889423125 0.950641025 0.55889423125 0.900641025
0 0.41610576874999994 0.8708333328125001 0.3887019234375 0.8708333328125001 0.3887019234375 0.911858975 0.41610576874999994 0.911858975 0.41610576874999994 0.8708333328125001
0 0.63389423125 0.941346153125 0.60048076875 0.941346153125 0.60048076875 0.9919871796875 0.63389423125 0.9919871796875 0.63389423125 0.941346153125
0 0.7206730765625 0.7996794875 0.674759615625 0.7996794875 0.674759615625 0.8544871796875 0.7206730765625 0.8544871796875 0.7206730765625 0.7996794875
0 0.6384615390625 0.75 0.5896634609375 0.75 0.5896634609375 0.8070512828125 0.6384615390625 0.8070512828125 0.6384615390625 0.75
0 0.7430288468749999 0.553525640625 0.693509615625 0.553525640625 0.693509615625 0.6580128203125 0.7430288468749999 0.6580128203125 0.7430288468749999 0.553525640625
0 0.5151442312500001 0.597115384375 0.477884615625 0.597115384375 0.477884615625 0.6458333328125 0.5151442312500001 0.6458333328125 0.5151442312500001 0.597115384375
0 0.5125 0.41762820468750006 0.478125 0.41762820468750006 0.478125 0.48012820468750006 0.5125 0.48012820468750006 0.5125 0.41762820468750006
0 0.5949519234375 0.28173076875 0.512259615625 0.28173076875 0.512259615625 0.38814102500000003 0.5949519234375 0.38814102500000003 0.5949519234375 0.28173076875
0 0.6245192312500001 0.291346153125 0.59735576875 0.291346153125 0.59735576875 0.3426282046875 0.6245192312500001 0.3426282046875 0.6245192312500001 0.291346153125
0 0.6548076921875 0.058333332812500006 0.559375 0.058333332812500006 0.559375 0.184615384375 0.6548076921875 0.184615384375 0.6548076921875 0.058333332812500006
0 0.8641826921875 0.158653846875 0.73076923125 0.158653846875 0.73076923125 0.3634615390625 0.8641826921875 0.3634615390625 0.8641826921875 0.158653846875
0 0.8050480765625 0.37788461562500003 0.706009615625 0.37788461562500003 0.706009615625 0.458653846875 0.8050480765625 0.458653846875 0.8050480765625 0.37788461562500003
0 0.5151442312500001 0.209294871875 0.4576923078125 0.209294871875 0.4576923078125 0.28173076875 0.5151442312500001 0.28173076875 0.5151442312500001 0.209294871875
0 0.178125 0.2830128203125 0.0730769234375 0.2830128203125 0.0730769234375 0.374358975 0.178125 0.374358975 0.178125 0.2830128203125
0 0.5891826921875001 0.5429487171875 0.527403846875 0.5429487171875 0.527403846875 0.6163461531250001 0.5891826921875001 0.6163461531250001 0.5891826921875001 0.5429487171875
0 0.185096153125 0.65 0.000721153125 0.65 0.000721153125 0.9996794875000001 0.185096153125 0.9996794875000001 0.185096153125 0.65