0 0.5214423125 0.3608709859375 0.36492541875 0.34165312812500004 0.34461386250000003 0.5070774874999999 0.50113075625 0.5262953453125 0.5214423125 0.3608709859375
0 0.6885259515625 0.3946259890625 0.531770465625 0.3753788359375 0.5196616515625 0.473997203125 0.6764171390625 0.4932443578125 0.6885259515625 0.3946259890625
0 0.63826956875 0.08200437656250001 0.5998561234374999 0.0772877984375 0.5810288734375 0.23062345468749998 0.6194423171875 0.23534003281250002 0.63826956875 0.08200437656250001
0 0.974998815625 0.41268568281249995 0.866916265625 0.3994148140625 0.839847209375 0.6198745859375 0.9479297593749999 0.6331454546875 0.974998815625 0.41268568281249995
0 0.8118601796875 0.6564802671875001 0.7634258359375 0.650533278125 0.7473328328125 0.7816002703125 0.7957671765625001 0.7875472609374999 0.8118601796875 0.6564802671875001
0 0.5615596109375 0.6909770265625 0.52099883125 0.6859967890625 0.514866303125 0.73594221875 0.5554270828125001 0.7409224578125 0.5615596109375 0.6909770265625
0 0.49214523125 0.7809445546875 0.3761891171875 0.7667069343749999 0.35876805156249997 0.908590134375 0.4747241640625 0.9228277546875001 0.49214523125 0.7809445546875
0 0.499284440625 0.57289201875 0.451565875 0.567032915625 0.43984766875 0.6624700453125001 0.487566234375 0.6683291484375 0.499284440625 0.57289201875
0 0.5396391109375 0.847807915625 0.49239773124999997 0.842007403125 0.48774950937500006 0.87986413125 0.5349908890624999 0.88566464375 0.5396391109375 0.847807915625
0 0.56594108125 0.767724078125 0.49985086718750005 0.7596092203125 0.493952703125 0.8076459093749999 0.5600429171875 0.8157607671875 0.56594108125 0.767724078125
0 0.5718219859375 0.94863541875 0.5479627015624999 0.9457058671875 0.5443300578125 0.9752913781249999 0.568189340625 0.9782209296875 0.5718219859375 0.94863541875
0 0.743525246875 0.9132069609375 0.7179958140625 0.910072340625 0.7138163203125 0.944111584375 0.7393457531250001 0.9472462046875 0.743525246875 0.9132069609375
0 0.8215785234374999 0.099991009375 0.6395321984375 0.07763853125 0.6166426359375 0.2640590578125 0.7986889609375 0.2864115359375 0.8215785234374999 0.099991009375