0 0.606078103125 0.44190657343749995 0.4029840390625 0.438361553125 0.398290909375 0.707230853125 0.6013849718750001 0.7107758734375 0.606078103125 0.44190657343749995
0 0.3623852828125 0.1885765015625 0.264563646875 0.18686901875 0.2611738515625 0.38107020625 0.3589954890625 0.3827776890625 0.3623852828125 0.1885765015625
0 0.12389707812499999 0.2982130578125 0.09048870625 0.29762991250000004 0.089806271875 0.336726521875 0.12321464374999999 0.3373096671875 0.12389707812499999 0.2982130578125
0 0.112251909375 0.46951027031250003 0.064182309375 0.4686712125 0.0632090015625 0.52443195 0.111278603125 0.5252710078125 0.112251909375 0.46951027031250003
0 0.36055140625000004 0.6517560671875 0.31440459062500004 0.6509505718749999 0.31378928125 0.6862016109375 0.359936096875 0.68700710625 0.36055140625000004 0.6517560671875
0 0.3339178921875 0.62115838125 0.3060375234375 0.620671728125 0.3054054328125 0.6568841609375 0.3332858015625 0.657370815625 0.3339178921875 0.62115838125
0 0.38148551406250003 0.5405660203125 0.3670646328125 0.540314303125 0.36642135468750003 0.5771676640625001 0.3808422359375 0.57741938125 0.38148551406250003 0.5405660203125
0 0.38365119375 0.3476257140625 0.3608181328125 0.3472271609375 0.36043216562499997 0.3693391765625 0.3832652265625 0.3697377296875 0.38365119375 0.3476257140625
0 0.4465949 0.735962865625 0.41174443906249997 0.7353545484375 0.41095013125 0.7808604375 0.44580059062500005 0.7814687546875 0.4465949 0.735962865625
0 0.6008250546875 0.7841747156250001 0.5775112984375 0.7837677734375 0.5769183640625 0.8177369562499999 0.6002321203125 0.8181438999999999 0.6008250546875 0.7841747156250001
0 0.8226630343749999 0.6091735140625001 0.7544042 0.6079820515625001 0.7501809421875001 0.8499323765625 0.8184397750000001 0.8511238390625 0.8226630343749999 0.6091735140625001
0 0.6616574749999999 0.6323286453125 0.618394834375 0.63157349375 0.6169908109375 0.7120099578125 0.6602534515625 0.7127651109375 0.6616574749999999 0.6323286453125
0 0.579766340625 0.17249608125 0.530975696875 0.1716444375 0.5295660796874999 0.25240136562500004 0.5783567234375 0.253253009375 0.579766340625 0.17249608125
0 0.8498680656250001 0.11117502500000001 0.8042019437500001 0.11037791875 0.802255328125 0.22189939375 0.84792145 0.2226964984375 0.8498680656250001 0.11117502500000001
0 0.49640555624999994 0.9538525453125001 0.45602709218750004 0.9531477359375 0.45537262656250005 0.990642025 0.4957510921875 0.991346834375 0.49640555624999994 0.9538525453125001