0 0.8585496140625001 0.1615493484375 0.73167151875 0.179380903125 0.765617265625 0.4209174421875 0.8924953609375 0.4030858890625 0.8585496140625001 0.1615493484375
0 0.617822871875 0.23810476249999998 0.5844965421875 0.24278847187500002 0.5910537359375 0.2894453328125 0.624380065625 0.284761621875 0.617822871875 0.23810476249999998
0 0.549219909375 0.083325634375 0.518512078125 0.0876413390625 0.528280959375 0.157150540625 0.5589887906250001 0.1528348359375 0.549219909375 0.083325634375
0 0.6284139609375 0.25991999374999997 0.5405752781250001 0.272264915625 0.5581949500000001 0.3976353921875 0.64603363125 0.3852904703125 0.6284139609375 0.25991999374999997
0 0.7156041609375 0.3535039078125 0.605627275 0.36896015000000004 0.6427847078125 0.6333490296875001 0.7527615937500001 0.6178927859375001 0.7156041609375 0.3535039078125
0 0.5085803125 0.3693290421875 0.45454405 0.37692334375000003 0.4638668640625 0.44325860937500006 0.5179031265625 0.4356643078125 0.5085803125 0.3693290421875
0 0.40877761562500003 0.41054306250000006 0.36950015625 0.41606314843750003 0.376860271875 0.46843309531250005 0.41613773125 0.4629130078125 0.40877761562500003 0.41054306250000006
0 0.24890557656249998 0.3715157015625 0.1453559109375 0.3860686578125 0.16288636875 0.5108043484375 0.26643603437499996 0.4962513921875 0.24890557656249998 0.3715157015625
0 0.203221840625 0.12418458750000001 0.139425725 0.133150546875 0.1533876421875 0.2324947484375 0.2171837578125 0.2235287890625 0.203221840625 0.12418458750000001
0 0.504813684375 0.5808864781249999 0.44030343125 0.5899528015625 0.451945796875 0.672792534375 0.5164560484375 0.663726209375 0.504813684375 0.5808864781249999
0 0.35954477812499996 0.623311753125 0.31812491249999997 0.6291329359375 0.3248605328125 0.677059371875 0.3662804 0.6712381890625 0.35954477812499996 0.623311753125
0 0.3407490375 0.5068454546875001 0.26862133906249996 0.516982340625 0.2832969640625 0.621404840625 0.35542466250000004 0.611267953125 0.3407490375 0.5068454546875001
0 0.5959001109375001 0.6952845484375 0.5175832375 0.7062912671875 0.5338647062499999 0.8221399359375001 0.6121815796875001 0.8111332171875001 0.5959001109375001 0.6952845484375
0 0.45198255468750004 0.227427515625 0.413895321875 0.232780328125 0.41964959375 0.273724103125 0.457736828125 0.268371290625 0.45198255468750004 0.227427515625