0 0.575240384375 0.45512820468750004 0.48269230781249994 0.45512820468750004 0.48269230781249994 0.5929487171875001 0.575240384375 0.5929487171875001 0.575240384375 0.45512820468750004
0 0.6076923078124999 0.47628205156250003 0.5740384609375 0.47628205156250003 0.5740384609375 0.5176282046875 0.6076923078124999 0.5176282046875 0.6076923078124999 0.47628205156250003
0 0.7423076921875 0.2580128203125 0.5451923078124999 0.2580128203125 0.5451923078124999 0.49358974375000003 0.7423076921875 0.49358974375000003 0.7423076921875 0.2580128203125
0 0.8084134609375001 0.2112179484375 0.76875 0.2112179484375 0.76875 0.2628205125 0.8084134609375001 0.2628205125 0.8084134609375001 0.2112179484375
0 0.864903846875 0.2195512828125 0.8264423078125 0.2195512828125 0.8264423078125 0.26923076875 0.864903846875 0.26923076875 0.864903846875 0.2195512828125
0 0.8084134609375001 0.525641025 0.747115384375 0.525641025 0.747115384375 0.6185897437500001 0.8084134609375001 0.6185897437500001 0.8084134609375001 0.525641025
0 0.4947115390625 0.778846153125 0.3889423078125 0.778846153125 0.3889423078125 0.9134615390624999 0.4947115390625 0.9134615390624999 0.4947115390625 0.778846153125
0 0.3516826921875 0.5496794875 0.2579326921875 0.5496794875 0.2579326921875 0.727564103125 0.3516826921875 0.727564103125 0.3516826921875 0.5496794875
0 0.409375 0.3125 0.35889423125 0.3125 0.35889423125 0.3926282046875 0.409375 0.3926282046875 0.409375 0.3125
0 0.516346153125 0.1394230765625 0.4634615390625 0.1394230765625 0.4634615390625 0.1746794875 0.516346153125 0.1746794875 0.516346153125 0.1394230765625
0 0.49951923125000003 0.5919871796875 0.463221153125 0.5919871796875 0.463221153125 0.625 0.49951923125000003 0.625 0.49951923125000003 0.5919871796875