0 0.4519230765625 0.2394230765625 0.36875 0.2394230765625 0.36875 0.2990384609375 0.4519230765625 0.2990384609375 0.4519230765625 0.2394230765625
0 0.5480769234375 0.42083333281249996 0.4329326921875 0.42083333281249996 0.4329326921875 0.4727564109375 0.5480769234375 0.4727564109375 0.5480769234375 0.42083333281249996
0 0.79326923125 0.3016025640625 0.6665865390625 0.3016025640625 0.6665865390625 0.5727564109375 0.79326923125 0.5727564109375 0.79326923125 0.3016025640625
0 0.8139423078125001 0.37339743593749997 0.7918269234374999 0.37339743593749997 0.7918269234374999 0.40192307656250004 0.8139423078125001 0.40192307656250004 0.8139423078125001 0.37339743593749997
0 0.78485576875 0.7173076921875 0.67451923125 0.7173076921875 0.67451923125 0.8301282046875 0.78485576875 0.8301282046875 0.78485576875 0.7173076921875
0 0.6516826921875001 0.640384615625 0.5822115390625 0.640384615625 0.5822115390625 0.7891025640625 0.6516826921875001 0.7891025640625 0.6516826921875001 0.640384615625
0 0.556490384375 0.6509615390625 0.459615384375 0.6509615390625 0.459615384375 0.7509615390625 0.556490384375 0.7509615390625 0.556490384375 0.6509615390625
0 0.5242788468749999 0.786858975 0.484375 0.786858975 0.484375 0.8304487171874999 0.5242788468749999 0.8304487171874999 0.5242788468749999 0.786858975
0 0.4862980765625 0.46955128281249997 0.3875 0.46955128281249997 0.3875 0.596794871875 0.4862980765625 0.596794871875 0.4862980765625 0.46955128281249997
0 0.3625 0.5544871796875 0.31706730781250003 0.5544871796875 0.31706730781250003 0.628846153125 0.3625 0.628846153125 0.3625 0.5544871796875
0 0.543028846875 0.47051282031249997 0.47307692343749996 0.47051282031249997 0.47307692343749996 0.516346153125 0.543028846875 0.516346153125 0.543028846875 0.47051282031249997