0 0.779559859375 0.556319565625 0.8792783937499999 0.5405257015625 0.8687491515625 0.474046678125 0.769030615625 0.4898405421875 0.779559859375 0.556319565625
0 0.7110530921875 0.6385617421875 0.7727836140625 0.6287845890625 0.760499496875 0.5512257265625 0.6987689765625 0.5610028812500001 0.7110530921875 0.6385617421875
0 0.5364705984375 0.430620046875 0.6853361234374999 0.4070420640625 0.6595645484375 0.24432674062499998 0.510699021875 0.2679047234375 0.5364705984375 0.430620046875
0 0.46374776406249996 0.39865413125 0.5326010390625 0.3877488453125 0.5158043906249999 0.2816989765625 0.446951115625 0.2926042625 0.46374776406249996 0.39865413125
0 0.5475246625 0.7585694359375 0.7101608453125 0.7328103953125 0.6532527953125 0.3735071046875 0.49061661250000005 0.39926614531250004 0.5475246625 0.7585694359375
0 0.46360760624999997 0.4976512875 0.489724365625 0.4935148 0.485713225 0.46818945625 0.45959646562499995 0.47232594531250005 0.46360760624999997 0.4976512875
0 0.4756924890625 0.8121325828125 0.513680503125 0.8061158718750001 0.50164708125 0.730139846875 0.46365906875 0.73615655625 0.4756924890625 0.8121325828125
0 0.40660324687499994 0.8522809671875 0.4671466421875 0.8426918359375 0.4533583484375 0.7556359734375 0.392814953125 0.7652251046874999 0.40660324687499994 0.8522809671875
0 0.218978521875 0.7586847437500001 0.3198841828125 0.7427028578125 0.3020847484375 0.630321653125 0.2011790875 0.6463035390625 0.218978521875 0.7586847437500001
0 0.223470603125 0.4827904390625 0.34265799375 0.46391301093750004 0.3282680296875 0.373058346875 0.20908063906250002 0.391935775 0.223470603125 0.4827904390625
0 0.39263077812499997 0.510515453125 0.42468316406250006 0.5054388546874999 0.4199199359375 0.47536500937500004 0.3878675484375 0.48044160937499997 0.39263077812499997 0.510515453125
0 0.405541884375 0.200187884375 0.50288616875 0.18477006406250002 0.4793207203125 0.0359836796875 0.3819764359375 0.0514015 0.405541884375 0.200187884375
0 0.13635184843749998 0.452131090625 0.2313218796875 0.43708931562500003 0.20926060937500002 0.297799934375 0.11429057812500001 0.3128417109375 0.13635184843749998 0.452131090625