0 0.653045740625 0.5058770390625 0.7624040828124999 0.507785896875 0.7664595296875001 0.27544949218750003 0.6571011875 0.2735406359375 0.653045740625 0.5058770390625
0 0.6637489796875 0.5538275515625 0.7098957984375 0.554633046875 0.7107292625 0.506883909375 0.6645824453125 0.5060784140625 0.6637489796875 0.5538275515625
0 0.6740292359375 0.8877116640624999 0.7473353765625 0.8889912265625 0.7502720796875 0.7207476234375 0.6769659375 0.7194680609375 0.6740292359375 0.8877116640624999
0 0.5662948906249999 0.6550267703125 0.6023470921875 0.6556560640625 0.603577709375 0.5851539828125001 0.567525509375 0.5845246890625 0.5662948906249999 0.6550267703125
0 0.5164659984375 0.5483716624999999 0.5657373390625 0.549231696875 0.5664924921875001 0.5059690546875 0.51722115 0.5051090203124999 0.5164659984375 0.5483716624999999
0 0.5196083484375 0.89174803125 0.5753690859375 0.8927213390625001 0.576661234375 0.8186941531249999 0.5209004984375001 0.8177208468750001 0.5196083484375 0.89174803125
0 0.34897299843749996 0.84677600625 0.4246826203125 0.848097521875 0.42557761562499996 0.79682328125 0.34986799375 0.795501765625 0.34897299843749996 0.84677600625
0 0.2956237015625 0.6663302703125 0.373736803125 0.6676937390625 0.374883515625 0.6019986187499999 0.2967704140625 0.6006351484375 0.2956237015625 0.6663302703125
0 0.0584902671875 0.6157096515625 0.209909509375 0.618352684375 0.21183934375 0.507792603125 0.060420101562499995 0.5051495703125 0.0584902671875 0.6157096515625
0 0.2888941859375 0.2254405453125 0.362200328125 0.22672010937499998 0.3636546953125 0.14339946718750002 0.29034855312499996 0.142119903125 0.2888941859375 0.2254405453125
0 0.52070749375 0.19518676562499998 0.5827172796875 0.1962691515625 0.585195296875 0.054303596875000006 0.5231855125 0.053221212500000004 0.52070749375 0.19518676562499998
0 0.41183777499999996 0 0.4113065859375 0.0304318515625 0.46899010625 0.031438721875 0.4695388703125 0 0.41183777499999996 0
0 0.5199350140625 0.280763240625 0.57521505625 0.2817281578125 0.5759142703125 0.2416701578125 0.5206342296875001 0.240705240625 0.5199350140625 0.280763240625
0 0.491400909375 0.2626342859375 0.5154357093749999 0.2630538140625 0.5173375734375 0.15409605312500002 0.4933027734375 0.1536765234375 0.491400909375 0.2626342859375
0 0.4792147875 0.340959178125 0.510460028125 0.341504565625 0.5110753375 0.3062535265625 0.47983009687499995 0.3057081390625 0.4792147875 0.340959178125