0 0.72595723125 0.469906584375 0.7141622609375 0.46866688281249996 0.707305640625 0.5339032578125 0.7191006125 0.535142959375 0.72595723125 0.469906584375
0 0.7584011109375 0.2350636078125 0.741925596875 0.23333196093750003 0.734054478125 0.3082206578125 0.7505299921875 0.3099523046875 0.7584011109375 0.2350636078125
0 0.85911158125 0.0746988359375 0.8186716859375001 0.07044843125 0.8124447546875 0.1296937125 0.8528846515625 0.1339441171875 0.85911158125 0.0746988359375
0 0.9551061125 0.8867046765625 0.923652859375 0.88339880625 0.918860221875 0.9289977015625001 0.950313475 0.9323035718750001 0.9551061125 0.8867046765625
0 0.471418471875 0.7052990484375 0.4523218546875 0.7032919125 0.44672461406249997 0.756546096875 0.4658212328125 0.7585532328125 0.471418471875 0.7052990484375
0 0.0735353046875 0.7556850859375001 0.062302 0.7545044187500001 0.059608328125 0.78013299375 0.0708416328125 0.7813136625 0.0735353046875 0.7556850859375001
0 0.075402359375 0.70910566875 0.0637946109375 0.7078856453125 0.0588620421875 0.7548158953125 0.070469790625 0.75603591875 0.075402359375 0.70910566875
0 0.310497978125 0.3219202546875 0.2880313671875 0.31955891875 0.2850228515625 0.34818304375000003 0.30748946093749996 0.35054437968749996 0.310497978125 0.3219202546875
0 0.036977915625 0.5506064875 0.0278040484375 0.549642275 0.0251803421875 0.5746051750000001 0.034354209375 0.5755693859375001 0.036977915625 0.5506064875
0 0.2319619875 0.38837222968749996 0.2201670171875 0.387132528125 0.21554929375 0.43106722968750005 0.2273442640625 0.43230693125 0.2319619875 0.38837222968749996
0 0.2514919859375 0.4240764625 0.23576535937499998 0.42242352812500006 0.23226708437500002 0.45570739375 0.24799371093749997 0.45736032968749996 0.2514919859375 0.4240764625
0 0.1568038375 0.28221026562499996 0.1380816625 0.2802424859375 0.132624353125 0.332165315625 0.151346528125 0.3341330953125 0.1568038375 0.28221026562499996