0 0.3761933171875 0.80816253125 0.2526905453125 0.841255 0.26579530625 0.8901626359374999 0.389298078125 0.8570701671875 0.3761933171875 0.80816253125
0 0.171932115625 0.6692818671875 0.1194533015625 0.6833435234375 0.142915053125 0.7709039703125 0.195393865625 0.7568423140625 0.171932115625 0.6692818671875
0 0.07172833125 0.8335200234375 0.1423577109375 0.8145949375000001 0.1253426578125 0.7510938921875 0.0547132765625 0.770018978125 0.07172833125 0.8335200234375
0 0.21428034375 0.5590148796875 0.10379863125 0.588618365625 0.113310153125 0.6241158437500001 0.22379186406249998 0.5945123578125 0.21428034375 0.5590148796875
0 0.2493487578125 0.528904346875 0.1507043734375 0.55533603125 0.16053294375 0.592016759375 0.2591773296875 0.565585075 0.2493487578125 0.528904346875
0 0 0.5658262484375001 0.00292833125 0.5767549296875 0.037256578125 0.5675567046875 0.0052344578125 0.448048528125 0 0.449451096875 0 0.5658262484375001
0 0 0.3069833796875 0.014480215625 0.3610242828125 0.074061425 0.3450595453125 0.0470064328125 0.24408894218750002 0 0.256684278125 0 0.3069833796875
0 0.2350297671875 0.188212696875 0.068912621875 0.23272365156250002 0.0817003328125 0.28044803749999997 0.247817478125 0.23593708281249998 0.2350297671875 0.188212696875
0 0.11060591875 0.10107270312500001 0.019853084375 0.1253898515625 0.0310555421875 0.16719799375 0.12180837656250001 0.1428808453125 0.11060591875 0.10107270312500001
0 0.653684253125 0.0350293421875 0.6142264984375 0.045602015625 0.6385337171875001 0.13631779375 0.677991471875 0.1257451203125 0.653684253125 0.0350293421875
0 0.6957189203125 0.1429772453125 0.6365322890625 0.1588362546875 0.6590428890625 0.2428469546875 0.7182295203125 0.22698794531250002 0.6957189203125 0.1429772453125
0 0.6318891546875001 0.1478210859375 0.527720684375 0.17573294374999998 0.5437845859375 0.2356842421875 0.6479530578125 0.20777238437499998 0.6318891546875001 0.1478210859375
0 0.66800554375 0.23368167031249998 0.571334046875 0.25958471875 0.5889832015625001 0.3254522625 0.6856546984375 0.2995492125 0.66800554375 0.23368167031249998
0 0.57221423125 0.2944358171875 0.5390697171875 0.3033168640625 0.56823838125 0.412175796875 0.60138289375 0.40329475156249994 0.57221423125 0.2944358171875
0 0.678226775 0.38862277500000003 0.5929980265625 0.41145974843750005 0.620792803125 0.51519126875 0.7060215515625 0.49235429531249997 0.678226775 0.38862277500000003
0 0.6726915265625 0.644169225 0.6060079203125001 0.66203704375 0.639086875 0.785489384375 0.70577048125 0.7676215656250001 0.6726915265625 0.644169225
0 0.47060030937499997 0.5165436765625 0.431931709375 0.5269048953125 0.4565559796875 0.6188039234375 0.4952245796875 0.6084427031249999 0.47060030937499997 0.5165436765625
0 1 0.50320266875 0.9095375593749999 0.52744200625 0.9281378671875 0.5968592968750001 1 0.577603896875 1 0.50320266875
0 0.9420386890625 0.21943750468749998 0.8931110734375001 0.2325476203125 0.9160444062499999 0.318135984375 0.964972021875 0.3050258703125 0.9420386890625 0.21943750468749998
0 0.390576678125 0.65508333125 0.36216709375 0.66269565625 0.37918214687499996 0.7261967 0.40759173125 0.718584375 0.390576678125 0.65508333125
0 0.49305459531249995 0.597187590625 0.385729503125 0.6259452609375 0.3973546953125 0.66933106875 0.5046797875 0.640573396875 0.49305459531249995 0.597187590625
0 0.4150983328125 0.557202175 0.3574900109375 0.572638278125 0.37270844375 0.62943424375 0.43031676562500004 0.613998140625 0.4150983328125 0.557202175
0 0.6108751203125 0.3250818859375 0.5785197609375 0.333751478125 0.6066315890625 0.438666246875 0.638986946875 0.4299966546875 0.6108751203125 0.3250818859375
0 0.9152618484374999 0.7808169406250001 0.787813303125 0.8149666765625 0.81825016875 0.92855860625 0.945698715625 0.8944088718750001 0.9152618484374999 0.7808169406250001
0 0.76540528125 0.48827903125 0.622568209375 0.5265521093750001 0.6827021578125 0.7509750562499999 0.825539228125 0.7127019781249999 0.76540528125 0.48827903125