0 0.66656044375 0.2588683265625 0.38196613749999997 0.27876909843750003 0.40025271093750003 0.540279278125 0.6848470171875001 0.5203785062499999 0.66656044375 0.2588683265625
0 0.3461682546875 0.34025899375 0.270320409375 0.3455627921875 0.2759239875 0.425697690625 0.3517718328125 0.4203938921875 0.3461682546875 0.34025899375
0 0.4012871203125 0.14751482968750002 0.12229895937499999 0.16702358125 0.1348435953125 0.346420225 0.41383175625 0.326911471875 0.4012871203125 0.14751482968750002
0 0.9025278109375 0.35868427812500003 0.777213978125 0.36744707499999996 0.7831403953125 0.45219879843750005 0.908454228125 0.44343600156249996 0.9025278109375 0.35868427812500003
0 0.30065544375000003 0.897849921875 0.191170728125 0.9055058390624999 0.1936381484375 0.9407915765625001 0.3031228625 0.933135659375 0.30065544375000003 0.897849921875
0 0.8889552374999999 0.70957671875 0.7949698640625 0.7161488171875 0.7997432828125 0.7844118765625 0.8937286562500001 0.7778397796875 0.8889552374999999 0.70957671875
0 0.9869325578125 0.679528475 0.88866013125 0.686400353125 0.8911736703124999 0.7223456359375 0.989446096875 0.715473759375 0.9869325578125 0.679528475
0 0.9765505796875 0.644796178125 0.878607928125 0.6516449953125 0.881536546875 0.6935261984375 0.9794791999999999 0.6866773796875 0.9765505796875 0.644796178125
0 0.41961529375 0.381185696875 0.3477247265625 0.386212775 0.3518063453125 0.4445826390625 0.42369691249999997 0.43955556093750003 0.41961529375 0.381185696875
0 0 0.334309334375 0.017264515624999997 0.33310208124999996 0.01528135625 0.3047415828125 0 0.305810159375 0 0.334309334375
0 0.20802762812500003 0.42149805 0.18857100625 0.42285859062500003 0.189631765625 0.43802815781250004 0.20908838749999997 0.43666761875000004 0.20802762812500003 0.42149805
0 0.972182325 0.08472833125 0.7446387890625 0.100639725 0.754047265625 0.23518720625 0.9815908015625 0.2192758125 0.972182325 0.08472833125
0 0.891032978125 0 0.9040111968750001 0.1855971890625 0.9782101765625001 0.180408690625 0.965594771875 0 0.891032978125 0
0 0.69000043125 0.034869403125 0.592387553125 0.041695160937499996 0.594347653125 0.0697258859375 0.69196053125 0.062900128125 0.69000043125 0.034869403125
0 0.6101698343749999 0.07325889062499999 0.504972171875 0.080615028125 0.50845423125 0.1304107890625 0.61365189375 0.12305465156249999 0.6101698343749999 0.07325889062499999
0 0.470304228125 0.1582638140625 0.3842334125 0.164282471875 0.3870006109375 0.2038552609375 0.4730714265625 0.197836603125 0.470304228125 0.1582638140625
0 0.6776185546875 0.1563596421875 0.571431571875 0.16378495937499998 0.5760205093749999 0.229409834375 0.68220749375 0.22198451718749998 0.6776185546875 0.1563596421875
0 0.5647807953124999 0.15397706875 0.5456539453125 0.1553145484375 0.5465302249999999 0.16784593125 0.5656570734375 0.1665084515625 0.5647807953124999 0.15397706875
0 0.5800703359375 0.1356758609375 0.5649007671875 0.1367366203125 0.5662151875 0.1555336953125 0.5813847562500001 0.1544729359375 0.5800703359375 0.1356758609375
0 0.7498964671875 0.175828025 0.694164790625 0.17972516249999998 0.698061928125 0.23545683906249998 0.75379360625 0.23155969999999998 0.7498964671875 0.175828025
0 0 0.152554540625 0.002293753125 0.18535673749999998 0.0329626640625 0.1832121578125 0.030103225 0.142320275 0 0.14442529843750002 0 0.152554540625