0 0.454066265625 0.341700134375 0.39570783125000003 0.341700134375 0.39570783125000003 0.53647925 0.454066265625 0.53647925 0.454066265625 0.341700134375
0 0.5655120484375 0.46753681406250003 0.515625 0.46753681406250003 0.515625 0.5769745656249999 0.5655120484375 0.5769745656249999 0.5655120484375 0.46753681406250003
0 0.5175075296875 0.46753681406250003 0.485316265625 0.46753681406250003 0.485316265625 0.578982596875 0.5175075296875 0.578982596875 0.5175075296875 0.46753681406250003
0 0.5016942765625 0.571285140625 0.437311746875 0.571285140625 0.437311746875 0.68741633125 0.5016942765625 0.68741633125 0.5016942765625 0.571285140625
0 0.43298192812499997 0.66566265 0.421686746875 0.66566265 0.421686746875 0.6864123156249999 0.43298192812499997 0.6864123156249999 0.43298192812499997 0.66566265
0 0.5711596390625 0.72188755 0.5626882531249999 0.72188755 0.5626882531249999 0.74933065625 0.5711596390625 0.74933065625 0.5711596390625 0.72188755
0 0.509224396875 0.6987951812500001 0.5039533125 0.6987951812500001 0.5039533125 0.7252342703125 0.509224396875 0.7252342703125 0.509224396875 0.6987951812500001
0 0.20707831250000003 0.88688085625 0.1995481921875 0.88688085625 0.1995481921875 0.906291834375 0.20707831250000003 0.906291834375 0.20707831250000003 0.88688085625
0 0.22458584374999999 0.891566265625 0.21912650625 0.891566265625 0.21912650625 0.9109772421875 0.22458584374999999 0.9109772421875 0.22458584374999999 0.891566265625
0 0.36615210781249996 0.8514056218749999 0.3625753015625 0.8514056218749999 0.3625753015625 0.8744979921875 0.36615210781249996 0.8744979921875 0.36615210781249996 0.8514056218749999
0 0.577560240625 0.9149933062500001 0.5702183734374999 0.9149933062500001 0.5702183734374999 0.941432396875 0.577560240625 0.941432396875 0.577560240625 0.9149933062500001
0 0.6195406625000001 0.9508032125 0.6121987953125 0.9508032125 0.6121987953125 0.9805890234374999 0.6195406625000001 0.9805890234374999 0.6195406625000001 0.9508032125
0 0.6831701812500001 0.8842034812499999 0.6720632531249999 0.8842034812499999 0.6720632531249999 0.90796519375 0.6831701812500001 0.90796519375 0.6831701812500001 0.8842034812499999
0 0.8576807234375 0.87282463125 0.8399849390625 0.87282463125 0.8399849390625 0.9029451140625 0.8576807234375 0.9029451140625 0.8576807234375 0.87282463125
0 0.85824548125 0.8319946453125 0.8452560234375 0.8319946453125 0.8452560234375 0.8681392234375 0.85824548125 0.8681392234375 0.85824548125 0.8319946453125
0 0.8661521078125001 0.70582329375 0.84996235 0.70582329375 0.84996235 0.7449799203125 0.8661521078125001 0.7449799203125 0.8661521078125001 0.70582329375
0 0.9341114453125 0.6957831328124999 0.91246235 0.6957831328124999 0.91246235 0.72690763125 0.9341114453125 0.72690763125 0.9341114453125 0.6957831328124999
0 0.6227409640625 0.6455823296875 0.6116340359375 0.6455823296875 0.6116340359375 0.669678715625 0.6227409640625 0.669678715625 0.6227409640625 0.6455823296875
0 0.6722515062500001 0.7336010703125 0.6630271078125001 0.7336010703125 0.6630271078125001 0.76606425625 0.6722515062500001 0.76606425625 0.6722515062500001 0.7336010703125
0 0.6814759031250001 0.707496653125 0.665474396875 0.707496653125 0.665474396875 0.73393574375 0.6814759031250001 0.73393574375 0.6814759031250001 0.707496653125
0 0.681852409375 0.677376171875 0.66679216875 0.677376171875 0.66679216875 0.6937751 0.681852409375 0.6937751 0.681852409375 0.677376171875
0 0.6950301203125 0.7151941093749999 0.67771084375 0.7151941093749999 0.67771084375 0.7409638546874999 0.6950301203125 0.7409638546874999 0.6950301203125 0.7151941093749999
0 0.8766942765625 0.6586345375 0.8490210843750001 0.6586345375 0.8490210843750001 0.6944444437499999 0.8766942765625 0.6944444437499999 0.8766942765625 0.6586345375
0 0.9606551203125001 0.4892904953125 0.9403237953125 0.4892904953125 0.9403237953125 0.5257697453125 0.9606551203125001 0.5257697453125 0.9606551203125001 0.4892904953125
0 0.9079442765625 0.5040160640625 0.8832831328124999 0.5040160640625 0.8832831328124999 0.5163989296875 0.9079442765625 0.5163989296875 0.9079442765625 0.5040160640625
0 0.8770707828125 0.40863453749999995 0.858433734375 0.40863453749999995 0.858433734375 0.436412315625 0.8770707828125 0.436412315625 0.8770707828125 0.40863453749999995
0 0.6957831328124999 0.5060240968749999 0.6820406625000001 0.5060240968749999 0.6820406625000001 0.5327978578125 0.6957831328124999 0.5327978578125 0.6957831328124999 0.5060240968749999
0 0.6856174703125 0.421352075 0.6714984937499999 0.421352075 0.6714984937499999 0.45180722968750003 0.6856174703125 0.45180722968750003 0.6856174703125 0.421352075
0 0.68637048125 0.3497322625 0.6722515062500001 0.3497322625 0.6722515062500001 0.376840696875 0.68637048125 0.376840696875 0.68637048125 0.3497322625
0 0.7467996984374999 0.35174029375 0.738893071875 0.35174029375 0.738893071875 0.385876840625 0.7467996984374999 0.385876840625 0.7467996984374999 0.35174029375
0 0.6756400609375001 0.264390896875 0.656814759375 0.264390896875 0.656814759375 0.285475234375 0.6756400609375001 0.285475234375 0.6756400609375001 0.264390896875
0 0.597891565625 0.10742971875 0.5849021078125001 0.10742971875 0.5849021078125001 0.134872825 0.597891565625 0.134872825 0.597891565625 0.10742971875
0 0.5523343374999999 0.0394912984375 0.5391566265625001 0.0394912984375 0.5391566265625001 0.061914323437499995 0.5523343374999999 0.061914323437499995 0.5523343374999999 0.0394912984375
0 0.45877259062500003 0.142235609375 0.4497364453125 0.142235609375 0.4497364453125 0.171352075 0.45877259062500003 0.171352075 0.45877259062500003 0.142235609375
0 0.40474397656249994 0.15394912968750002 0.397025603125 0.15394912968750002 0.397025603125 0.1757028109375 0.40474397656249994 0.1757028109375 0.40474397656249994 0.15394912968750002
0 0.3414909640625 0.17235609062499999 0.32850150624999996 0.17235609062499999 0.32850150624999996 0.1981258359375 0.3414909640625 0.1981258359375 0.3414909640625 0.17235609062499999
0 0.1532379515625 0.37048192812499997 0.145519578125 0.37048192812499997 0.145519578125 0.38052208906249996 0.1532379515625 0.38052208906249996 0.1532379515625 0.37048192812499997
0 0.1336596390625 0.3721552875 0.1242469875 0.3721552875 0.1242469875 0.385876840625 0.1336596390625 0.385876840625 0.1336596390625 0.3721552875
0 0.46762048125 0.5187416328125 0.4604668671875 0.5187416328125 0.4604668671875 0.5485274437500001 0.46762048125 0.5485274437500001 0.46762048125 0.5187416328125
0 0.45764307187500003 0.449129853125 0.45105421718749994 0.449129853125 0.45105421718749994 0.47456492656249993 0.45764307187500003 0.47456492656249993 0.45764307187500003 0.449129853125