0 0.8443885015625 0.47066481250000003 0.815863384375 0.4686701421875 0.8140119468749999 0.49514693281250005 0.8425370640625 0.49714160312500005 0.8443885015625 0.47066481250000003
0 0.989247265625 0.3608615046875 0.9639821640624999 0.359094796875 0.9619883078125 0.387608265625 0.987253409375 0.3893749734375 0.989247265625 0.3608615046875
0 1 0.20402250156249999 0.967613340625 0.20175780625 0.9639674328125001 0.2538967203125 1 0.2564163625 1 0.20402250156249999
0 0.902963434375 0.11905558125 0.8768833296875 0.11723188281250001 0.8744907015625 0.15144804375 0.9005708078125 0.1532717421875 0.902963434375 0.11905558125
0 0.8302356312500001 0.06403205937499999 0.7662578703125 0.059558298437500004 0.7633525375 0.1011064953125 0.8273302984375001 0.10558025625 0.8302356312500001 0.06403205937499999
0 0.5953125609375001 0.14420581875 0.5533398921875 0.141270803125 0.5517163234375 0.1644889140625 0.5936889937500001 0.167423928125 0.5953125609375001 0.14420581875
0 0.122308784375 0.0276274578125 0.0689260671875 0.023894575 0.0675873359375 0.04303933125 0.120970053125 0.0467722140625 0.122308784375 0.0276274578125
0 0.43028453750000006 0.27306510624999997 0.385051853125 0.269902128125 0.3836846375 0.289454221875 0.42891732187500003 0.2926171984375 0.43028453750000006 0.27306510624999997
0 0.58962183125 0.32513975781250004 0.5264590734375 0.3207229875 0.5252627609375 0.33783106875 0.5884255171875 0.3422478390625 0.58962183125 0.32513975781250004
0 0.633929721875 0.370808078125 0.5968470703125 0.3682150078125 0.5939417375 0.4097632046875 0.6310243890625 0.41235627499999994 0.633929721875 0.370808078125
0 0.6473855687500001 0.45361440937499997 0.60745040625 0.45082187031250004 0.6053426171875 0.48096467968749995 0.645277778125 0.48375721718750003 0.6473855687500001 0.45361440937499997
0 0.7452603953125 0.47110098593750005 0.724477809375 0.4696477265625 0.7214300578125 0.5132326 0.7422126437500001 0.514685859375 0.7452603953125 0.47110098593750005
0 0.7604647671875 0.5171901531249999 0.7299021421874999 0.51505300625 0.7277943515625 0.545195815625 0.7583569765625 0.5473329625 0.7604647671875 0.5171901531249999
0 0.72020296875 0.5483489171875 0.6835278203125 0.545784340625 0.6814769968750001 0.5751124796875 0.7181521453124999 0.57767705625 0.72020296875 0.5483489171875
0 0.6724421171875 0.5286360718750001 0.6357669671874999 0.526071496875 0.634969425 0.5374768828125001 0.671644575 0.540041459375 0.6724421171875 0.5286360718750001
0 0.6459324640624999 0.5505233046875 0.5937722515625 0.5468759078125001 0.5910378203125 0.5859800921875 0.6431980328125 0.5896274890625001 0.6459324640624999 0.5505233046875
0 0.4861242625 0.47590273749999995 0.44170658281249997 0.47279675 0.4382315765625 0.5224916515625 0.48264925625000005 0.5255976390625 0.4861242625 0.47590273749999995
0 0.494432421875 0.7904375328125 0.47650234999999996 0.7891837390625 0.47331217968750006 0.8348052875 0.491242253125 0.83605908125 0.494432421875 0.7904375328125
0 0.604231853125 0.8599238390625 0.5716317203125 0.8576442156249999 0.5684985171875 0.9024510937500001 0.60109865 0.9047307171875 0.604231853125 0.8599238390625
0 0.1976508453125 0.7479902109375 0.15975319062499999 0.7453401484375 0.1578447859375 0.7726316093750001 0.19574244062499999 0.775281671875 0.1976508453125 0.7479902109375
0 0.0652344140625 0.7911246109375 0.02489175 0.7883035781250001 0.023980273437499998 0.8013383062500001 0.0643229375 0.8041593406249999 0.0652344140625 0.7911246109375
0 0.2783945546875 0.8874863 0.23642188437499997 0.8845512843750001 0.23479831562500003 0.9077693953124999 0.2767709859375 0.910704409375 0.2783945546875 0.8874863
0 0.3073795546875 0.9238965984374999 0.28904198124999997 0.9226143109375 0.2857378765625 0.9698652015624999 0.30407544999999997 0.9711474890625 0.3073795546875 0.9238965984374999
0 0.7025292484375 0.5434291078125 0.6703366171875 0.5411779796875 0.669425140625 0.5542127078125 0.701617771875 0.5564638359375 0.7025292484375 0.5434291078125
0 0.9394855812499999 0.05939175 0.8975129109375001 0.056456734375 0.8930694609375 0.1200010359375 0.93504213125 0.12293605156250001 0.9394855812499999 0.05939175