0 0.6474673203125 0.5324622296875 0.4264705875 0.5324622296875 0.4264705875 0.712535728125 0.6474673203125 0.712535728125 0.6474673203125 0.5324622296875
0 0.3500817 0.587178440625 0.17279411718749998 0.587178440625 0.17279411718749998 0.720293996875 0.3500817 0.720293996875 0.3500817 0.587178440625
0 0.508986928125 0.385055125 0.30882352968750004 0.385055125 0.30882352968750004 0.575336871875 0.508986928125 0.575336871875 0.508986928125 0.385055125
0 0.1380718953125 0.4867292765625 0.00040849687500000003 0.4867292765625 0.00040849687500000003 0.664352796875 0.1380718953125 0.664352796875 0.1380718953125 0.4867292765625
0 0 0.2739893828125 0.11642156875000001 0.2739893828125 0.11642156875000001 0.12535728906250002 0 0.12535728906250002 0 0.2739893828125
0 0.3063725484375 0.8521845656249999 0.041258170312499995 0.8521845656249999 0.041258170312499995 0.9987750109375 0.3063725484375 0.9987750109375 0.3063725484375 0.8521845656249999
0 0.3521241828125 0.72927725625 0.22834967343749998 0.72927725625 0.22834967343749998 0.8444262968749999 0.3521241828125 0.8444262968749999 0.3521241828125 0.72927725625
0 0.4052287578125 0.18497345781250002 0.2920751640625 0.18497345781250002 0.2920751640625 0.322988975 0.4052287578125 0.322988975 0.4052287578125 0.18497345781250002
0 0.6993464046875 0.9346672109374999 0.6307189546874999 0.9346672109374999 0.6307189546874999 0.9995916703125 0.6993464046875 0.9995916703125 0.6993464046875 0.9346672109374999
0 0.6515522875 0.842384646875 0.573120915625 0.842384646875 0.573120915625 0.9073091062499999 0.6515522875 0.9073091062499999 0.6515522875 0.842384646875
0 0.053513071875 0.0342997140625 0.001225490625 0.0342997140625 0.001225490625 0.13148223750000002 0.053513071875 0.13148223750000002 0.053513071875 0.0342997140625
0 0.330882353125 0.5230706406250001 0.215686275 0.5230706406250001 0.215686275 0.5973866890624999 0.330882353125 0.5973866890624999 0.330882353125 0.5230706406250001
0 0.21486928125000002 0.486320946875 0.0923202609375 0.486320946875 0.0923202609375 0.6080032671875 0.21486928125000002 0.6080032671875 0.21486928125000002 0.486320946875
0 0.1740196078125 0.43732135625 0.12785947656250002 0.43732135625 0.12785947656250002 0.4895875875 0.1740196078125 0.4895875875 0.1740196078125 0.43732135625
0 0.07638888906249999 0.6688444265625 0.01879085 0.6688444265625 0.01879085 0.72927725625 0.07638888906249999 0.72927725625 0.07638888906249999 0.6688444265625
0 0.6985294125 0.476929359375 0.625408496875 0.476929359375 0.625408496875 0.5524703953125 0.6985294125 0.5524703953125 0.6985294125 0.476929359375
0 0.60866013125 0.49367088593749997 0.5122549015625 0.49367088593749997 0.5122549015625 0.5418538171875 0.60866013125 0.5418538171875 0.60866013125 0.49367088593749997