0 0.42287184843750003 0.5526779656249999 0.49271207187500005 0.5713915968750001 0.5000042375 0.544176865625 0.43016401406250004 0.525463234375 0.42287184843750003 0.5526779656249999
0 0.3550677296875 0.9572441578124999 0.38189900312499997 0.9644335765625 0.39014232031249996 0.9336690953125 0.363311046875 0.926479678125 0.3550677296875 0.9572441578124999
0 0.4407149921875 0.7180980390625 0.4813564796875 0.7289878921875 0.4866406578125 0.7092670703125 0.44599917031249997 0.6983772171875 0.4407149921875 0.7180980390625
0 0.709438909375 0.5106750546875001 0.746923775 0.5207190953125 0.755589828125 0.488376946875 0.7181049625 0.4783329078125 0.709438909375 0.5106750546875001
0 0.7943328843749999 0.3106413765625 0.8164292281250001 0.3165620734375 0.820445203125 0.30157425 0.7983488609375 0.295653553125 0.7943328843749999 0.3106413765625
0 0.8193887515625 0.329191634375 0.8347772750000001 0.3333149765625 0.837207996875 0.32424339999999996 0.8218194734375001 0.32012005781249997 0.8193887515625 0.329191634375
0 0.4481873 0.502392096875 0.473045684375 0.5090528812499999 0.476427559375 0.49643155625 0.4515691734375 0.48977077187500007 0.4481873 0.502392096875
0 0.47449015625 0.511553596875 0.4977702296875 0.517791475 0.5017862046875 0.5028036499999999 0.47850613124999997 0.4965657734375 0.47449015625 0.511553596875
0 0.48136729687499996 0.5269238171875 0.4975449765625 0.5312586140625 0.501032534375 0.518242871875 0.48485485468749995 0.5139080765624999 0.48136729687499996 0.5269238171875
0 0.37406341875 0.5028219078125 0.3930031421875 0.507896790625 0.396702065625 0.4940922171875 0.37776234375 0.4890173328125 0.37406341875 0.5028219078125
0 0.35184635625 0.43895427187499997 0.410638409375 0.4547075546875 0.4214181328125 0.4144770796875 0.3626260796875 0.3987237953125 0.35184635625 0.43895427187499997
0 0.28381007812500003 0.43086962656249994 0.3666713625 0.45307224062499996 0.36952481875 0.4424229984375 0.28666353437500003 0.420220384375 0.28381007812500003 0.43086962656249994
0 0.1977235078125 0.5185591734375 0.21350661093749998 0.52278824375 0.21921352187499998 0.5014897578124999 0.2034304203125 0.4972606875 0.1977235078125 0.5185591734375
0 0.092251734375 0.503402859375 0.10251075000000001 0.5061517546875 0.1045187375 0.4986578421875 0.09425972187500001 0.49590894687500003 0.092251734375 0.503402859375
0 0.4595528671875 0.9602995468750001 0.4930919578125 0.96928631875 0.501440959375 0.9381274218750001 0.46790186875 0.9291406484375001 0.4595528671875 0.9602995468750001
0 0.5529971625 0.977728653125 0.57351519375 0.9832264421874999 0.58123009375 0.9544340437500001 0.5607120625 0.9489362546875 0.5529971625 0.977728653125
0 0.862341390625 0.3440826328125 0.8781244921875 0.348311703125 0.8804495296875 0.3396345421875 0.8646664296875001 0.335405471875 0.862341390625 0.3440826328125
0 0.833273421875 0.1447952796875 0.8415595515625001 0.1470155421875 0.8436732234375001 0.13912721249999999 0.83538709375 0.1369069515625 0.833273421875 0.1447952796875
0 0.5479020234374999 0.488528090625 0.5589501953125 0.49148843906249995 0.5602183984375 0.486755440625 0.5491702265625 0.48379509218749994 0.5479020234374999 0.488528090625
0 0.49744853906250003 0.6673532015625 0.507312978125 0.6699963703125 0.5099550671874999 0.660135959375 0.5000906281249999 0.657492790625 0.49744853906250003 0.6673532015625
0 0.7075774984375001 0.4323931890625 0.71665278125 0.434824903125 0.718238034375 0.4289086578125 0.7091627515625001 0.4264769421875 0.7075774984375001 0.4323931890625