0 0.49632352968750004 0.7153940390625 0.375408496875 0.7153940390625 0.375408496875 0.8268681093750001 0.49632352968750004 0.8268681093750001 0.49632352968750004 0.7153940390625
0 0.721813725 0.8260514499999999 0.49509803906250005 0.8260514499999999 0.49509803906250005 0.9995916703125 0.721813725 0.9995916703125 0.721813725 0.8260514499999999
0 0.8725490203125 0.9510004078125001 0.7287581703125 0.9510004078125001 0.7287581703125 0.9995916703125 0.8725490203125 0.9995916703125 0.8725490203125 0.9510004078125001
0 0.356617646875 0.8954675375000001 0.2916666671875 0.8954675375000001 0.2916666671875 0.9510004078125001 0.356617646875 0.9510004078125001 0.356617646875 0.8954675375000001
0 0.45016339843750003 0.9514087375000001 0.41748365937500004 0.9514087375000001 0.41748365937500004 0.999183340625 0.45016339843750003 0.999183340625 0.45016339843750003 0.9514087375000001
0 0.3165849671875 0.59003675 0.2630718953125 0.59003675 0.2630718953125 0.685585953125 0.3165849671875 0.685585953125 0.3165849671875 0.59003675
0 0.9763071890624999 0.9158840343750001 0.9240196078125 0.9158840343750001 0.9240196078125 0.9742752140625001 0.9763071890624999 0.9742752140625001 0.9763071890624999 0.9158840343750001
0 0.5686274515624999 0.42139648906250005 0.5514705875 0.42139648906250005 0.5514705875 0.43568803593750005 0.5686274515624999 0.43568803593750005 0.5686274515624999 0.42139648906250005
0 0.0318627453125 0.27153940312499997 0.011846404687500001 0.27153940312499997 0.011846404687500001 0.2895059203125 0.0318627453125 0.2895059203125 0.0318627453125 0.27153940312499997
0 0.34027777812500004 0.4638628015625 0.32107843125 0.4638628015625 0.32107843125 0.480604328125 0.34027777812500004 0.480604328125 0.34027777812500004 0.4638628015625
0 0.40032679687500006 0.84932625625 0.3611111109375 0.84932625625 0.3611111109375 0.894650878125 0.40032679687500006 0.894650878125 0.40032679687500006 0.84932625625
0 0.3423202609375 0.8485095953125 0.3010620921875 0.8485095953125 0.3010620921875 0.8942425484375001 0.3423202609375 0.8942425484375001 0.3423202609375 0.8485095953125
0 0.9125816999999999 0.93630053125 0.8835784312499999 0.93630053125 0.8835784312499999 0.999183340625 0.9125816999999999 0.999183340625 0.9125816999999999 0.93630053125
0 0.0114379078125 0.1465904453125 0.00040849687500000003 0.1465904453125 0.00040849687500000003 0.1629236421875 0.0114379078125 0.1629236421875 0.0114379078125 0.1465904453125