0 0.4241340359375 0.5331325296875 0.379894578125 0.5331325296875 0.379894578125 0.722222221875 0.4241340359375 0.722222221875 0.4241340359375 0.5331325296875
0 0.3627635546875 0.6793842031249999 0.32831325312500004 0.6793842031249999 0.32831325312500004 0.7523427046875 0.3627635546875 0.7523427046875 0.3627635546875 0.6793842031249999
0 0.3049698796875 0.5632530124999999 0.2757906625 0.5632530124999999 0.2757906625 0.693440428125 0.3049698796875 0.693440428125 0.3049698796875 0.5632530124999999
0 0.6745105421875001 0.4032797859375 0.6225527109375 0.4032797859375 0.6225527109375 0.4916332 0.6745105421875001 0.4916332 0.6745105421875001 0.4032797859375
0 0.6246234937499999 0 0.6246234937499999 0.1532797859375 0.7571536140624999 0.1532797859375 0.7571536140624999 0 0.6246234937499999 0
0 0.8518448796874999 0.1221552875 0.7490587343749999 0.1221552875 0.7490587343749999 0.25736278437500004 0.8518448796874999 0.25736278437500004 0.8518448796874999 0.1221552875
0 0.8085466875 0.2192101734375 0.724397590625 0.2192101734375 0.724397590625 0.3099062921875 0.8085466875 0.3099062921875 0.8085466875 0.2192101734375
0 0.8360316265625001 0.3025435078125 0.727974396875 0.3025435078125 0.727974396875 0.4451137890625 0.8360316265625001 0.4451137890625 0.8360316265625001 0.3025435078125
0 0.8164533125 0.44042837968750004 0.7725903609375 0.44042837968750004 0.7725903609375 0.514390896875 0.8164533125 0.514390896875 0.8164533125 0.44042837968750004
0 0.37594126562499997 0.393574296875 0.350150603125 0.393574296875 0.350150603125 0.44042837968750004 0.37594126562499997 0.44042837968750004 0.37594126562499997 0.393574296875
0 0.3571159640625 0.3811914328125 0.31607680781249997 0.3811914328125 0.31607680781249997 0.5073627843749999 0.3571159640625 0.5073627843749999 0.3571159640625 0.3811914328125
0 0.64646084375 0.28313252968749997 0.6163403609375 0.28313252968749997 0.6163403609375 0.321285140625 0.64646084375 0.321285140625 0.64646084375 0.28313252968749997
0 0.999435240625 0.15930388281250002 0.9429593374999999 0.15930388281250002 0.9429593374999999 0.40997322656249996 0.999435240625 0.40997322656249996 0.999435240625 0.15930388281250002
0 0.4284638546875 0.2543507359375 0.40173192812499997 0.2543507359375 0.40173192812499997 0.364792503125 0.4284638546875 0.364792503125 0.4284638546875 0.2543507359375
0 0.42055722968750003 0.0401606421875 0.39175451875 0.0401606421875 0.39175451875 0.1757028109375 0.42055722968750003 0.1757028109375 0.42055722968750003 0.0401606421875
0 0.32511295156250003 0.5602409640625 0.29988704843749997 0.5602409640625 0.29988704843749997 0.6519410984375 0.32511295156250003 0.6519410984375 0.32511295156250003 0.5602409640625