0 0.919117646875 0.8517156859374999 0.643382353125 0.8517156859374999 0.643382353125 0.8999183000000001 0.919117646875 0.8999183000000001 0.919117646875 0.8517156859374999
0 0.926164215625 0.5947712421875 0.6681985296875 0.5947712421875 0.6681985296875 0.7826797390625 0.926164215625 0.7826797390625 0.926164215625 0.5947712421875
0 0.8186274515624999 0.2892156859375 0.590686275 0.2892156859375 0.590686275 0.5073529406249999 0.8186274515624999 0.5073529406249999 0.8186274515624999 0.2892156859375
0 0.7582720593750001 0.44403594843749994 0.515318628125 0.44403594843749994 0.515318628125 0.6111111109375 0.7582720593750001 0.6111111109375 0.7582720593750001 0.44403594843749994
0 0.610600490625 0.729983659375 0.514399509375 0.729983659375 0.514399509375 0.812091503125 0.610600490625 0.812091503125 0.610600490625 0.729983659375
0 0.6544117640625 0.608251634375 0.4610906859375 0.608251634375 0.4610906859375 0.73120915 0.6544117640625 0.73120915 0.6544117640625 0.608251634375
0 0.518688725 0.766748365625 0.387867646875 0.766748365625 0.387867646875 0.8970588234375001 0.518688725 0.8970588234375001 0.518688725 0.766748365625
0 0.43137254843750006 0.9052287578125 0.269914215625 0.9052287578125 0.269914215625 0.999591503125 0.43137254843750006 0.999591503125 0.43137254843750006 0.9052287578125
0 0.3740808828125 0.733251634375 0.215686275 0.733251634375 0.215686275 0.919934640625 0.3740808828125 0.919934640625 0.3740808828125 0.733251634375
0 0.44699754843750006 0.634803921875 0.2959558828125 0.634803921875 0.2959558828125 0.750408496875 0.44699754843750006 0.750408496875 0.44699754843750006 0.634803921875
0 0.2922794125 0.5833333328125 0.10386029375000001 0.5833333328125 0.10386029375000001 0.73120915 0.2922794125 0.73120915 0.2922794125 0.5833333328125
0 0.484681371875 0.366830065625 0.0790441171875 0.366830065625 0.0790441171875 0.616013071875 0.484681371875 0.616013071875 0.484681371875 0.366830065625
0 0 0.5657679734375 0.10447303906250001 0.5657679734375 0.10447303906250001 0.41094771249999995 0 0.41094771249999995 0 0.5657679734375
0 0.16636029375 0.1744281046875 0.0223651953125 0.1744281046875 0.0223651953125 0.3190359484375 0.16636029375 0.3190359484375 0.16636029375 0.1744281046875
0 0.5006127453125 0.23529411718749998 0.1608455875 0.23529411718749998 0.1608455875 0.37826797343749996 0.5006127453125 0.37826797343749996 0.5006127453125 0.23529411718749998
0 0.2702205875 0 0.2702205875 0.2724673203125 0.6528799015625 0.2724673203125 0.6528799015625 0 0.2702205875 0
0 0.0189950984375 0 0.0189950984375 0.22426470625 0.318321078125 0.22426470625 0.318321078125 0 0.0189950984375 0
0 0.6112132359375 0.3165849671875 0.41789215625000004 0.3165849671875 0.41789215625000004 0.44444444375 0.6112132359375 0.44444444375 0.6112132359375 0.3165849671875