0 0.360096153125 0.0012820515625000001 0.075 0.0012820515625000001 0.075 0.46987179531249995 0.360096153125 0.46987179531249995 0.360096153125 0.0012820515625000001
0 0.61826923125 0.241346153125 0.45552884687499995 0.241346153125 0.45552884687499995 0.4891025640625 0.61826923125 0.4891025640625 0.61826923125 0.241346153125
0 0.3889423078125 0.46442307656250004 0.3019230765625 0.46442307656250004 0.3019230765625 0.5371794875 0.3889423078125 0.5371794875 0.3889423078125 0.46442307656250004
0 0.4329326921875 0.6099358968749999 0.3829326921875 0.6099358968749999 0.3829326921875 0.6772435890625 0.4329326921875 0.6772435890625 0.4329326921875 0.6099358968749999
0 0.877403846875 0.7378205125 0.7096153843749999 0.7378205125 0.7096153843749999 0.8423076921874999 0.877403846875 0.8423076921874999 0.877403846875 0.7378205125
0 0.572115384375 0.786858975 0.5271634609375 0.786858975 0.5271634609375 0.8589743593750001 0.572115384375 0.8589743593750001 0.572115384375 0.786858975
0 0.39639423125 0.709294871875 0.300240384375 0.709294871875 0.300240384375 0.8746794875000001 0.39639423125 0.8746794875000001 0.39639423125 0.709294871875
0 0.5519230765625001 0.0012820515625000001 0.415625 0.0012820515625000001 0.415625 0.23910256406250002 0.5519230765625001 0.23910256406250002 0.5519230765625001 0.0012820515625000001
0 0.6625 0.2009615390625 0.5079326921875 0.2009615390625 0.5079326921875 0.39391025625 0.6625 0.39391025625 0.6625 0.2009615390625
0 0.40552884687499996 0.45064102500000003 0.375721153125 0.45064102500000003 0.375721153125 0.49006410312500004 0.40552884687499996 0.49006410312500004 0.40552884687499996 0.45064102500000003
0 0.552403846875 0.4195512828125 0.5050480765625001 0.4195512828125 0.5050480765625001 0.5362179484375 0.552403846875 0.5362179484375 0.552403846875 0.4195512828125