0 0.19182105 0.6044129593750001 0.43787760468750003 0.59151768125 0.41724516093749997 0.1978271921875 0.17118860625 0.2107224703125 0.19182105 0.6044129593750001
0 0.3128868265625 0.66386346875 0.41130944999999997 0.6587053578125001 0.4066126328125 0.569084759375 0.3081900109375 0.5742428703125 0.3128868265625 0.66386346875
0 0.4893704234375 0.83916214375 0.6057971828125 0.8330604765625 0.596655165625 0.6586203828125 0.4802284046875 0.6647220500000001 0.4893704234375 0.83916214375
0 0.6635407843750001 0.7177008265625 0.7499606484375 0.7131717546874999 0.7457838375 0.6334734359375 0.6593639718750001 0.6380025093749999 0.6635407843750001 0.7177008265625
0 0.7563313109375 0.5867034796875 0.847312221875 0.581935371875 0.8421960468749999 0.48431293281250004 0.7512151359375 0.489081040625 0.7563313109375 0.5867034796875
0 0.572733078125 0.5879806859375 0.61402256875 0.5858167953125 0.606071528125 0.4341019234375 0.5647820390625 0.43626581406250003 0.572733078125 0.5879806859375
0 0.4948978421875 0.64148656875 0.52562490625 0.6398762328125 0.5235113375 0.5995469625000001 0.492784275 0.6011573 0.4948978421875 0.64148656875
0 0.48542284843749994 0.3550514421875 0.57976453125 0.350107203125 0.5681399109374999 0.12829622031250001 0.4737982265625 0.133240459375 0.48542284843749994 0.3550514421875
0 0.5525480796875 0.3406211671875 0.6039198875 0.337928884375 0.6014037359375 0.2899178484375 0.550031928125 0.29261013125 0.5525480796875 0.3406211671875
0 0.7041559578125 0.321442390625 0.7545675468749999 0.31880043125 0.7520681687499999 0.27110946875 0.70165658125 0.27375142812500003 0.7041559578125 0.321442390625
0 0.51140360625 0 0.4883024296875 0.00121068125 0.49123794062500004 0.057223556249999995 0.5308470453125 0.05514773125 0.527956875 0 0.51140360625 0