0 0.813221153125 0.19391025625 0.5668269234375 0.19391025625 0.5668269234375 0.588141025 0.813221153125 0.588141025 0.813221153125 0.19391025625
0 0.6954326921875 0.5641025640625 0.596875 0.5641025640625 0.596875 0.653846153125 0.6954326921875 0.653846153125 0.6954326921875 0.5641025640625
0 0.528365384375 0.6634615390625 0.411778846875 0.6634615390625 0.411778846875 0.838141025 0.528365384375 0.838141025 0.528365384375 0.6634615390625
0 0.34807692343749996 0.646153846875 0.2615384609375 0.646153846875 0.2615384609375 0.7259615390625 0.34807692343749996 0.7259615390625 0.34807692343749996 0.646153846875
0 0.24855769218749998 0.5022435890625 0.1574519234375 0.5022435890625 0.1574519234375 0.6 0.24855769218749998 0.6 0.24855769218749998 0.5022435890625
0 0.431971153125 0.4397435890625 0.390625 0.4397435890625 0.390625 0.5916666671875 0.431971153125 0.5916666671875 0.431971153125 0.4397435890625
0 0.5125 0.600641025 0.48173076875 0.600641025 0.48173076875 0.641025640625 0.5125 0.641025640625 0.5125 0.600641025
0 0.5069711531250001 0.1323717953125 0.4125 0.1323717953125 0.4125 0.3544871796875 0.5069711531250001 0.3544871796875 0.5069711531250001 0.1323717953125
0 0.43918269218750006 0.29551282031250004 0.38774038437499997 0.29551282031250004 0.38774038437499997 0.34358974375 0.43918269218750006 0.34358974375 0.43918269218750006 0.29551282031250004
0 0.286778846875 0.284615384375 0.23629807656250001 0.284615384375 0.23629807656250001 0.3323717953125 0.286778846875 0.3323717953125 0.286778846875 0.284615384375
0 0.4855769234375 0.0012820515625000001 0.4459134609375 0.0012820515625000001 0.4459134609375 0.057371795312499994 0.4855769234375 0.057371795312499994 0.4855769234375 0.0012820515625000001