0 0.0942849734375 0.6906465203125001 0.38631846406250003 0.7527201546875 0.4510243140625 0.4483030640625 0.15899082343749998 0.3862294296875 0.0942849734375 0.6906465203125001
0 0.47277771562500004 0.38411550625 0.527328253125 0.39571058125 0.5457870796875001 0.30886863125 0.4912365421875 0.29727355625 0.47277771562500004 0.38411550625
0 0.59460959375 0.5115903859375 0.6214145984375 0.517287965625 0.6596650187499999 0.3373338875 0.6328600140625 0.33163630781250003 0.59460959375 0.5115903859375
0 0.5172178765625 0.6779819515625001 0.6138569796875 0.6985232265625 0.640245771875 0.5743737234374999 0.5436066687500001 0.5538324484375 0.5172178765625 0.6779819515625001
0 0.6042112609375 0.7947749468749999 0.670518384375 0.8088689609375 0.71476625625 0.6006990859375 0.648459134375 0.586605071875 0.6042112609375 0.7947749468749999
0 0.701928884375 0.6553132390624999 0.7520119234375 0.66595871875 0.7895293203125 0.4894532390625 0.7394462828125 0.478807759375 0.701928884375 0.6553132390624999
0 0.6413112046875 0.8734382078125 0.6944509531249999 0.8847334109375 0.726703921875 0.7329951296874999 0.6735641718750001 0.7216999265624999 0.6413112046875 0.8734382078125
0 0.7100734828124999 0.7071784375 0.8034207406249999 0.7270200109375 0.8427373749999999 0.5420497906249999 0.749390115625 0.52220821875 0.7100734828124999 0.7071784375
0 0.7166954359375 0.5083776109375 0.7931132171875 0.5246207109375 0.8226340109375 0.38573629375 0.7462162296875 0.3694931921875 0.7166954359375 0.5083776109375
0 0.610889675 0.7113271109375 0.7079990390625001 0.73196834375 0.7767031921875 0.408740721875 0.6795938265625 0.38809948906249997 0.610889675 0.7113271109375
0 0.6417224546875 0.3708748296875 0.6852218062500001 0.3801209015625 0.7171415828125001 0.22995016562499998 0.67364223125 0.2207040921875 0.6417224546875 0.3708748296875
0 0.3370091625 0.275960078125 0.38497601718749996 0.2861557484375 0.3991699875 0.219378365625 0.3512031328125 0.2091826953125 0.3370091625 0.275960078125
0 0.5480151203125 0.5596845921875 0.57670118125 0.565782003125 0.5848310609375 0.5275339234375 0.5561450015625 0.5214365125 0.5480151203125 0.5596845921875