0 0.23118247812499998 0.032659115625 0.0717858421875 0.041012740625 0.0836117546875 0.26666460625 0.2430083921875 0.2583109828125 0.23118247812499998 0.032659115625
0 0.295869721875 0.24270253125000002 0.1544772234375 0.2501125984375 0.16855089843749999 0.5186543218749999 0.309943396875 0.5112442546875 0.295869721875 0.24270253125000002
0 0.4755000546875 0.7352584890625 0.28033519687499997 0.7454866453125 0.2854849203125 0.84374923125 0.480649778125 0.8335210734375 0.4755000546875 0.7352584890625
0 0.321596559375 1 0.316350703125 0.8999031046875 0.23809271562499998 0.90400443125 0.24312363124999997 1 0.321596559375 1
0 0.64571545625 0.99304955 0.6413038046875 0.9088702015625 0.5243969328125 0.9149970296875001 0.5288085859375 0.9991763796875001 0.64571545625 0.99304955
0 0.6818353015625 0.717704909375 0.5658886515625 0.723781415625 0.5755003515625 0.907183571875 0.6914470015624999 0.901107065625 0.6818353015625 0.717704909375
0 0.913520521875 0.6189055796875 0.7390004078125 0.628051790625 0.7523360125 0.8825102781249999 0.9268561249999999 0.8733640671874999 0.913520521875 0.6189055796875
0 0.760598834375 0.410918715625 0.371709446875 0.4312995453125 0.38717539375 0.726407375 0.7760647796875 0.7060265453125 0.760598834375 0.410918715625
0 0.6564747546875 0.2613554859375 0.543648821875 0.2672684421875 0.55206954375 0.4279453734375 0.664895475 0.4220324171875 0.6564747546875 0.2613554859375
0 0.5442812796875 0.150729475 0.3997680625 0.158303090625 0.4063771546875 0.284412078125 0.5508903703125 0.2768384609375 0.5442812796875 0.150729475
0 0.4445620640625 0.0025401578125 0.3557416484375 0.0071950390625 0.3644643078125 0.1736332953125 0.4532847234375 0.1689784140625 0.4445620640625 0.0025401578125
0 0.49303117500000004 0 0.4083137328125 0.004439853125 0.41715381249999994 0.1731186234375 0.525658753125 0.16743212031250002 0.5168840078125 0 0.49303117500000004 0
0 0.646424659375 0.0420296046875 0.58833130625 0.0450741484375 0.59411845625 0.15549953125 0.6522118078125 0.1524549875 0.646424659375 0.0420296046875
0 0.8300829546875 0.0924226328125 0.7719896015625001 0.0954671765625 0.7787496625 0.2244568234375 0.836843015625 0.2214122796875 0.8300829546875 0.0924226328125
0 0.7648069828125 0.1237664828125 0.7237575484375001 0.12591779375 0.726055634375 0.1697678734375 0.7671050687500001 0.1676165640625 0.7648069828125 0.1237664828125
0 0.7673052296875 0.1576565390625 0.632154165625 0.16473950625 0.64039036875 0.3218956296875 0.7755414328125 0.3148126625 0.7673052296875 0.1576565390625