0 0.825721153125 0.5753205125 0.48725961562500003 0.5753205125 0.48725961562500003 0.8445512828125 0.825721153125 0.8445512828125 0.825721153125 0.5753205125
0 0.953125 0.659935896875 0.84014423125 0.659935896875 0.84014423125 0.7426282046875 0.953125 0.7426282046875 0.953125 0.659935896875
0 0.171153846875 0.4166666671875 0.0396634609375 0.4166666671875 0.0396634609375 0.5080128203125 0.171153846875 0.5080128203125 0.171153846875 0.4166666671875
0 0.3353365390625 0.1208333328125 0.240865384375 0.1208333328125 0.240865384375 0.24743589687499998 0.3353365390625 0.24743589687499998 0.3353365390625 0.1208333328125
0 0.5052884609375 0 0.5052884609375 0.088141025 0.5689903843749999 0.088141025 0.5689903843749999 0 0.5052884609375 0
0 0.6574519234375 0.190705128125 0.59014423125 0.190705128125 0.59014423125 0.4205128203125 0.6574519234375 0.4205128203125 0.6574519234375 0.190705128125
0 0.5947115390625 0.327564103125 0.478365384375 0.327564103125 0.478365384375 0.42852564062500004 0.5947115390625 0.42852564062500004 0.5947115390625 0.327564103125
0 0.9884615390624999 0.26826923125 0.731971153125 0.26826923125 0.731971153125 0.463141025 0.9884615390624999 0.463141025 0.9884615390624999 0.26826923125
0 0.365865384375 0.6826923078125 0.30889423125 0.6826923078125 0.30889423125 0.7564102562499999 0.365865384375 0.7564102562499999 0.365865384375 0.6826923078125
0 0.11201923124999999 0.734615384375 0.075721153125 0.734615384375 0.075721153125 0.7948717953125 0.11201923124999999 0.7948717953125 0.11201923124999999 0.734615384375
0 0.25697115312499996 0.01923076875 0.23245192343749999 0.01923076875 0.23245192343749999 0.0426282046875 0.25697115312499996 0.0426282046875 0.25697115312499996 0.01923076875
0 0.7862980765625001 0.43076923125000005 0.7355769234375 0.43076923125000005 0.7355769234375 0.5019230765625 0.7862980765625001 0.5019230765625 0.7862980765625001 0.43076923125000005