0 0.633689509375 0.11571536093749998 0.43621953593749996 0.0949604296875 0.42271794375000005 0.223419509375 0.6201879156250001 0.24417443906249997 0.633689509375 0.11571536093749998
0 0.7935922609375 0.31912094999999996 0.67238490625 0.30638154375000004 0.6558010624999999 0.46416626875 0.77700841875 0.476905675 0.7935922609375 0.31912094999999996
0 0.5488654265624999 0.36623401875 0.472841878125 0.358243621875 0.4613169453125 0.4678960359375 0.53734049375 0.4758864328125 0.5488654265624999 0.36623401875
0 0.388260265625 0.3902830796875 0.2885690078125 0.37980510624999997 0.27493340312500003 0.5095392109375 0.3746246625 0.520017184375 0.388260265625 0.3902830796875
0 0.38695322499999996 0.45331225 0.2081305375 0.434517228125 0.182467459375 0.6786851031250001 0.361290146875 0.697480125 0.38695322499999996 0.45331225
0 0.5729333484375 0.75356394375 0.44933531562500006 0.7405732671874999 0.4349626515625 0.8773200265625001 0.558560684375 0.8903107046875001 0.5729333484375 0.75356394375
0 0.597372490625 0.6475248140625001 0.512503434375 0.6386047171875 0.5054678640625 0.705543690625 0.5903369203125 0.7144637875 0.597372490625 0.6475248140625001
0 0.189695540625 0.1821693953125 0.158138596875 0.1788526265625 0.150734496875 0.24929792968750003 0.182291440625 0.252614696875 0.189695540625 0.1821693953125
0 0.3046648265625 0.132375721875 0.25493873125 0.1271493 0.24612751875 0.2109823953125 0.29585361250000003 0.21620881875000003 0.3046648265625 0.132375721875
0 0.3011750484375 0 0.2980723078125 0.0295206015625 0.35975179062499996 0.0360033765625 0.3635358984375 0 0.3011750484375 0
0 0.47472190937500003 0 0.469789965625 0.0469242984375 0.5154519093750001 0.0517235625 0.520845846875 0.0004036828125 0.5170050625 0 0.47472190937500003 0
0 0.3442420515625 0.303153334375 0.32224781875 0.30084164687500003 0.319199071875 0.3298485375 0.34119330468750003 0.33216022343749996 0.3442420515625 0.303153334375