0 0.7586596390625 0.6743641234375 0.6841114453125 0.6743641234375 0.6841114453125 0.7754350734375001 0.7586596390625 0.7754350734375001 0.7586596390625 0.6743641234375
0 0.7275978921874999 0.6054216875 0.7121611453125001 0.6054216875 0.7121611453125001 0.614792503125 0.7275978921874999 0.614792503125 0.7275978921874999 0.6054216875
0 0.33471385468750003 0.542168675 0.26750752968749997 0.542168675 0.26750752968749997 0.607095046875 0.33471385468750003 0.607095046875 0.33471385468750003 0.542168675
0 0.4070030125 0.8386880859374999 0.328689759375 0.8386880859374999 0.328689759375 0.9243641234375 0.4070030125 0.9243641234375 0.4070030125 0.8386880859374999
0 0.1080572296875 0.8815261046874999 0.0897966875 0.8815261046874999 0.0897966875 0.9106425703125 0.1080572296875 0.9106425703125 0.1080572296875 0.8815261046874999
0 0.7618599390624999 0.313587684375 0.6910768078125 0.313587684375 0.6910768078125 0.3678045515625 0.7618599390624999 0.3678045515625 0.7618599390624999 0.313587684375
0 0.7434111453125001 0.270749665625 0.7065135546875 0.270749665625 0.7065135546875 0.30120481875 0.7434111453125001 0.30120481875 0.7434111453125001 0.270749665625
0 0.7893448796875 0.291834003125 0.775602409375 0.291834003125 0.775602409375 0.307228915625 0.7893448796875 0.307228915625 0.7893448796875 0.291834003125
0 0.791227409375 0.23594377500000002 0.749435240625 0.23594377500000002 0.749435240625 0.3018741640625 0.791227409375 0.3018741640625 0.791227409375 0.23594377500000002
0 0.629141565625 0.3048862109375 0.6223644578124999 0.3048862109375 0.6223644578124999 0.312918340625 0.629141565625 0.312918340625 0.629141565625 0.3048862109375
0 0.618599396875 0.28447121875 0.6025978921874999 0.28447121875 0.6025978921874999 0.312918340625 0.618599396875 0.312918340625 0.618599396875 0.28447121875
0 0.2085843375 0.3678045515625 0.20011295156250003 0.3678045515625 0.20011295156250003 0.38018741562499997 0.2085843375 0.38018741562499997 0.2085843375 0.3678045515625
0 0.7635542171874999 0.4454484609375 0.7381400609375001 0.4454484609375 0.7381400609375001 0.4705488625 0.7635542171874999 0.4705488625 0.7635542171874999 0.4454484609375
0 0.7624246984374999 0.763721553125 0.7554593374999999 0.763721553125 0.7554593374999999 0.77309236875 0.7624246984374999 0.77309236875 0.7624246984374999 0.763721553125
0 0.6368599390624999 0.7151941093749999 0.6231174703125 0.7151941093749999 0.6231174703125 0.72690763125 0.6368599390624999 0.72690763125 0.6368599390624999 0.7151941093749999
0 0.5954442765625 0.527108434375 0.57699548125 0.527108434375 0.57699548125 0.543172690625 0.5954442765625 0.543172690625 0.5954442765625 0.527108434375
0 0.6432605421875001 0.5532128515625 0.618599396875 0.5532128515625 0.618599396875 0.5759705484375 0.6432605421875001 0.5759705484375 0.6432605421875001 0.5532128515625
0 0.566641565625 0.678045515625 0.535391565625 0.678045515625 0.535391565625 0.7603748328125 0.566641565625 0.7603748328125 0.566641565625 0.678045515625
0 0.6479668671875001 0.843708165625 0.6272590359375 0.843708165625 0.6272590359375 0.8711512718750001 0.6479668671875001 0.8711512718750001 0.6479668671875001 0.843708165625
0 0.5009412656250001 0.81526104375 0.452560240625 0.81526104375 0.452560240625 0.8965863453124999 0.5009412656250001 0.8965863453124999 0.5009412656250001 0.81526104375
0 0.0496987953125 0.8396921015625001 0.0280496984375 0.8396921015625001 0.0280496984375 0.8801874156249999 0.0496987953125 0.8801874156249999 0.0496987953125 0.8396921015625001
0 0.15154367500000002 0.748326640625 0.1282003015625 0.748326640625 0.1282003015625 0.78012048125 0.15154367500000002 0.78012048125 0.15154367500000002 0.748326640625
0 0.1820406625 0.7205488625 0.16246235 0.7205488625 0.16246235 0.734270415625 0.1820406625 0.734270415625 0.1820406625 0.7205488625
0 0.249058734375 0.8165997328125 0.23155120468749998 0.8165997328125 0.23155120468749998 0.8470548859375 0.249058734375 0.8470548859375 0.249058734375 0.8165997328125
0 0.16283885468749998 0.935742971875 0.11106927656250001 0.935742971875 0.11106927656250001 0.9762382859375001 0.16283885468749998 0.9762382859375001 0.16283885468749998 0.935742971875
0 0.025225903124999997 0.556559571875 0.0043298187500000005 0.556559571875 0.0043298187500000005 0.5813253015625001 0.025225903124999997 0.5813253015625001 0.025225903124999997 0.556559571875
0 0.181099396875 0.4929718875 0.17149849374999998 0.4929718875 0.17149849374999998 0.5070281125 0.181099396875 0.5070281125 0.181099396875 0.4929718875
0 0.1890060234375 0.5267737609375 0.17112198750000002 0.5267737609375 0.17112198750000002 0.548862115625 0.1890060234375 0.548862115625 0.1890060234375 0.5267737609375
0 0.5538403609375 0.43942436406249996 0.5154367468750001 0.43942436406249996 0.5154367468750001 0.4601740296875 0.5538403609375 0.4601740296875 0.5538403609375 0.43942436406249996