0 0.421443371875 0.4679142890625 0.6848181953125 0.481717178125 0.6988127921875 0.214684371875 0.43543796874999996 0.20088148281249998 0.421443371875 0.4679142890625
0 0 0.79429028125 0.0090834890625 0.7947663265625 0.0115517140625 0.7476697875 0 0.7470643890625001 0 0.79429028125
0 0.8641526718750001 0.5855674859375 0.930910871875 0.5890661359375 0.9341698875000001 0.5268804140625 0.8674116859375 0.523381765625 0.8641526718750001 0.5855674859375
0 1 0.2588961609375 0.9062893781250001 0.2539849953125 0.8983814718750001 0.404876821875 1 0.4102024234375 1 0.2588961609375
0 0.669697221875 0.1228332359375 0.7204517453125 0.12549316875 0.72220106875 0.09211406875 0.671446546875 0.0894541359375 0.669697221875 0.1228332359375
0 0.8071015203125 0.0818913890625 0.857398796875 0.08452735781250001 0.85874074375 0.058921473437500003 0.8084434671875 0.0562855046875 0.8071015203125 0.0818913890625
0 0.2667705875 0.9870876265625 0.34633173125 0.9912572484375 0.34879995625000004 0.944160709375 0.2692388125 0.9399910859375 0.2667705875 0.9870876265625
0 0.45704333750000004 0.7159965546875 0.7720871781249999 0.732507303125 0.7762328375 0.6534034078125 0.461188996875 0.6368926593750001 0.45704333750000004 0.7159965546875
0 0.76254393125 0.888356965625 0.84622030625 0.8927422593750001 0.8611974 0.6069622875 0.777521025 0.60257699375 0.76254393125 0.888356965625
0 0.5005764828125 0.9264387671875 0.772639015625 0.9406969593750001 0.7837100828125 0.7294484031249999 0.51164755 0.7151902109375 0.5005764828125 0.9264387671875
0 0.6226655265625001 0.6265566296875 0.81150893125 0.6364534921875 0.8247127375 0.38450986875000004 0.6358693328125 0.3746130046875 0.6226655265625001 0.6265566296875
0 0.6421250781250001 0.36898030625 0.790273415625 0.37674443125 0.792765603125 0.32919064374999996 0.644617265625 0.32142651875 0.6421250781250001 0.36898030625