0 0.9082628609375 0.7947462171875 0.851924653125 0.7927788437500001 0.8490318 0.8756193250000001 0.9053700078125001 0.8775866984375 0.9082628609375 0.7947462171875
0 0.981483121875 0.5239638906249999 0.8079777703125 0.5179049499999999 0.8038451234374999 0.6362484937499999 0.977350475 0.6423074343749999 0.981483121875 0.5239638906249999
0 0.76558819375 0.0228614515625 0.41286201875 0.0105439828125 0.389134921875 0.6899991578125 0.741861096875 0.702316628125 0.76558819375 0.0228614515625
0 0.0175643578125 0 0.0150132203125 0.0730550359375 0.1003370296875 0.07603460937499999 0.10299221562500001 0 0.0175643578125 0
0 0.301750759375 0.0671335578125 0.2735816546875 0.0661498703125 0.271786090625 0.1175681015625 0.29995519531250003 0.11855178749999999 0.301750759375 0.0671335578125
0 0.3551684125 0.11761982343749999 0.342512728125 0.117177878125 0.3418714546875 0.13554153124999999 0.3545271390625 0.135983478125 0.3551684125 0.11761982343749999
0 0.9370113718749999 0.1587757484375 0.8765906843750001 0.1566658109375 0.873455571875 0.246443671875 0.933876259375 0.24855360937499998 0.9370113718749999 0.1587757484375
0 0.8699043640624999 0.0555133484375 0.845001240625 0.0546437125 0.8439182031250001 0.0856578828125 0.8688213250000001 0.08652751875 0.8699043640624999 0.0555133484375
0 0.8638993812500001 1 0.8717250765625 0.7759014 0 0.745460090625 0 0.9828443874999999 0.4912724625 1 0.8638993812500001 1
0 0.905569515625 0.8718735625 0.8475983156250001 0.8698491625000001 0.8444062015625 0.9612593484374999 0.9023774015624999 0.9632837484375001 0.905569515625 0.8718735625
0 0.955467078125 0.8241779843750001 0.901170109375 0.8222818937499999 0.8992035390625001 0.878597096875 0.9535005078125 0.8804931874999999 0.955467078125 0.8241779843750001
0 0.9605328421875001 0.7961629453125 0.895621428125 0.7938961890625 0.89433888125 0.8306234968749999 0.9592502968750001 0.832890253125 0.9605328421875001 0.7961629453125
0 0.9854871484375 0.84238661875 0.9601757781250001 0.8415027265624999 0.9597197625 0.854561325 0.9850311328125001 0.8554452171875001 0.9854871484375 0.84238661875
0 0.9881554093749999 0.8245023296875 0.9579450656249999 0.8234473609374999 0.9571897890625 0.8450756640625 0.9874001328125 0.8461306328125 0.9881554093749999 0.8245023296875