0 0.41649747187499997 0.28158084687499996 0.32894753125 0.2785235359375 0.32621325625 0.35682291718750003 0.413763196875 0.359880228125 0.41649747187499997 0.28158084687499996
0 0.643366925 0.2828877046875 0.5554866078125 0.27981885625 0.552579278125 0.36307389218749997 0.6404595953125 0.366142740625 0.643366925 0.2828877046875
0 0.5596923296874999 0.5098578328125 0.5276457484375 0.508738740625 0.5269650640625 0.528230990625 0.5590116453125 0.5293500828125 0.5596923296874999 0.5098578328125
0 0.5114604109374999 0.527027996875 0.48899476562500005 0.5262434796875 0.4886717296875 0.5354940390625 0.511137375 0.5362785578125 0.5114604109374999 0.527027996875
0 0.3230122375 0.5905726062500001 0.295590934375 0.5896150328124999 0.294679509375 0.615714825 0.3221008125 0.6166723984375 0.3230122375 0.5905726062500001
0 0.3258650125 0.6320197296875001 0.295470315625 0.6309583234375 0.294870390625 0.6481379328125 0.3252650875 0.6491993390624999 0.3258650125 0.6320197296875001
0 0.1208518453125 0.5921132890624999 0.0769116875 0.5905788656250001 0.076392521875 0.6054458359375 0.12033267968750001 0.6069802609375 0.1208518453125 0.5921132890624999
0 0.046757178125 0.5352779234375 0.024621910937499998 0.53450494375 0.0237681703125 0.5589528515625 0.0459034375 0.5597258328125 0.046757178125 0.5352779234375
0 0.32939536875000003 0.3225329171875 0.30494746093749997 0.3216791765625 0.30446290625 0.3355550171875 0.3289108140625 0.3364087578125 0.32939536875000003 0.3225329171875
0 0.7730918578125 0.3380271390625 0.754590740625 0.337381065625 0.7536908515625 0.363150484375 0.7721919703125 0.36379655624999996 0.7730918578125 0.3380271390625
0 0.788102509375 0.400737965625 0.7689406359375 0.40006881875 0.7684906921875 0.41295352812499997 0.7876525640625001 0.41362267499999994 0.788102509375 0.400737965625
0 0.971755534375 0.048254956249999995 0.939708953125 0.0471358640625 0.9386821578125 0.07653942968750001 0.970728740625 0.0776585203125 0.971755534375 0.048254956249999995
0 0.847749778125 0.1229810015625 0.81933734375 0.12198881875 0.8177798453125 0.16658973125 0.8461922796874999 0.167581915625 0.847749778125 0.1229810015625
0 0.5090229703125 0.4736872984375 0.5014242953125 0.473421946875 0.500801296875 0.49126231093749995 0.5083999703125001 0.49152766249999996 0.5090229703125 0.4736872984375
0 0.5288340609375 0.47470989531249996 0.5195835015625 0.474386859375 0.5191104828124999 0.48793232187499996 0.52836104375 0.4882553578125 0.5288340609375 0.47470989531249996
0 0.5027804015624999 0.5766726671875 0.4869222984375 0.5761188890625 0.48659926249999996 0.5853694484374999 0.502457365625 0.5859232265625 0.5027804015624999 0.5766726671875
0 0.8007239437499999 0.560283903125 0.77363301875 0.5593378671875 0.77334459375 0.567597296875 0.8004355171875 0.5685433328125 0.8007239437499999 0.560283903125
0 0.3549182984375 0.44415890312500006 0.34236396562500004 0.443720496875 0.341925559375 0.4562748265625 0.354479890625 0.4567132328125 0.3549182984375 0.44415890312500006