0 0.639589953125 0.5575764875 0.4219506578125 0.51920080625 0.390681221875 0.696538584375 0.60832051875 0.7349142640624999 0.639589953125 0.5575764875
0 0.33722091875000004 0.5598209640625 0.1626267328125 0.5290352984375 0.139511459375 0.66012853125 0.3141056453125 0.690914196875 0.33722091875000004 0.5598209640625
0 0.5288103640624999 0.388361959375 0.3316878984375 0.35360395 0.29864581874999996 0.5409948890625 0.4957682859375 0.5757528984375 0.5288103640624999 0.388361959375
0 0 0.5787247140625 0.1150308328125 0.599007753125 0.1458748328125 0.42408273281250003 0.0103028515625 0.400177734375 0 0.4586081078125 0 0.5787247140625
0 0.0468424546875 0.190598903125 0.16149531875 0.21081529687499997 0.18730501093750002 0.0644412578125 0.072652146875 0.0442248640625 0.0468424546875 0.190598903125
0 0 0.9183059296874999 0.22270281249999999 0.9575744437499999 0.2481579765625 0.8132110359375 0 0.7694540890625 0 0.9183059296874999
0 0.31455717031249997 0.700115653125 0.192663075 0.6786224359374999 0.17266765312500001 0.792022103125 0.29456175 0.813515321875 0.31455717031249997 0.700115653125
0 0.46137233125000005 0.173302565625 0.34993779375 0.15365365 0.3259716515625 0.28957240156249997 0.4374061875 0.3092213171875 0.46137233125000005 0.173302565625
0 0.614258153125 1 0.6208387156249999 0.9626797796875 0.5532538703125 0.950762746875 0.5445720140625 1 0.614258153125 1
0 0.5897953984375001 0.8634998328125001 0.512555575 0.8498803687500001 0.5012815609375 0.9138184796875001 0.578521384375 0.92743794375 0.5897953984375001 0.8634998328125001
0 0.0816945796875 0 0.072795434375 0.050469565625000004 0.12428865 0.059549209375 0.13478878125 0 0.0816945796875 0
0 0.32944545625 0.49335317500000003 0.21599946406249998 0.4733495859375 0.20309461875 0.54653660625 0.316540609375 0.5665401953125 0.32944545625 0.49335317500000003
0 0.2215764 0.43701633281249996 0.10088917500000001 0.41573591875 0.07975926093749999 0.5355696109375 0.2004464875 0.5568500249999999 0.2215764 0.43701633281249996
0 0.1898560140625 0.381667684375 0.144397159375 0.3736520625 0.1353212234375 0.4251242515625 0.18078007812500002 0.433139875 0.1898560140625 0.381667684375
0 0 0.6446507375 0.043010915625 0.652234721875 0.053504967187499995 0.592720003125 0 0.5832856328125 0 0.6446507375
0 0.6995194796875001 0.5117541250000001 0.6275094343750001 0.49905681093750004 0.614391871875 0.573450209375 0.6864019156250001 0.5861475234375 0.6995194796875001 0.5117541250000001
0 0.6081083781250001 0.5126356734375 0.5131677609375 0.49589508125000004 0.5048008828125 0.5433460046875 0.5997415 0.560086596875 0.6081083781250001 0.5126356734375