0 0.84150326875 0.5267456109374999 0.812908496875 0.5267456109374999 0.812908496875 0.5532870562500001 0.84150326875 0.5532870562500001 0.84150326875 0.5267456109374999
0 0.9783496734374999 0.6443446296875 0.9530228765625001 0.6443446296875 0.9530228765625001 0.672927725 0.9783496734374999 0.672927725 0.9783496734374999 0.6443446296875
0 0.999591503125 0.7778685171874999 0.9456699343749999 0.7778685171874999 0.9456699343749999 0.8301347484375 0.999591503125 0.8301347484375 0.999591503125 0.7778685171874999
0 0.875408496875 0.8738260515625 0.84926470625 0.8738260515625 0.84926470625 0.9081257656249999 0.875408496875 0.9081257656249999 0.875408496875 0.8738260515625
0 0.7990196078125 0.9162923640624999 0.7348856203125 0.9162923640624999 0.7348856203125 0.9579420171875 0.7990196078125 0.9579420171875 0.7990196078125 0.9162923640624999
0 0.5702614374999999 0.838301346875 0.528186275 0.838301346875 0.528186275 0.8615761531249999 0.5702614374999999 0.8615761531249999 0.5702614374999999 0.838301346875
0 0.090277778125 0.925683953125 0.03676470625 0.925683953125 0.03676470625 0.944875459375 0.090277778125 0.944875459375 0.090277778125 0.925683953125
0 0.4146241828125 0.7019191499999999 0.3692810453125 0.7019191499999999 0.3692810453125 0.7215189875 0.4146241828125 0.7215189875 0.4146241828125 0.7019191499999999
0 0.5772058828125 0.6635361375 0.5138888890625 0.6635361375 0.5138888890625 0.6806859937499999 0.5772058828125 0.6806859937499999 0.5772058828125 0.6635361375
0 0.624591503125 0.596570028125 0.5874183000000001 0.596570028125 0.5874183000000001 0.6382196812500001 0.624591503125 0.6382196812500001 0.624591503125 0.596570028125
0 0.64379085 0.52633728125 0.6037581703125 0.52633728125 0.6037581703125 0.5565536953125 0.64379085 0.5565536953125 0.64379085 0.52633728125
0 0.7426470593750001 0.5022458140625 0.721813725 0.5022458140625 0.721813725 0.5459371171875 0.7426470593750001 0.5459371171875 0.7426470593750001 0.5022458140625
0 0.7610294125 0.470804409375 0.73039215625 0.470804409375 0.73039215625 0.501020825 0.7610294125 0.501020825 0.7610294125 0.470804409375
0 0.723039215625 0.4377296859375 0.686274509375 0.4377296859375 0.686274509375 0.46712944062500006 0.723039215625 0.46712944062500006 0.723039215625 0.4377296859375
0 0.6740196078125 0.4720294 0.6372549015625 0.4720294 0.6372549015625 0.4834626375 0.6740196078125 0.4834626375 0.6740196078125 0.4720294
0 0.6491013078125001 0.420579828125 0.596813725 0.420579828125 0.596813725 0.45977950156249997 0.6491013078125001 0.45977950156249997 0.6491013078125001 0.420579828125
0 0.4844771234375 0.4732543890625 0.43995097968749997 0.4732543890625 0.43995097968749997 0.5230706406250001 0.4844771234375 0.5230706406250001 0.4844771234375 0.4732543890625
0 0.5147058828125 0.1641486328125 0.49673202656250004 0.1641486328125 0.49673202656250004 0.209881584375 0.5147058828125 0.209881584375 0.5147058828125 0.1641486328125
0 0.6290849671875 0.103307471875 0.596405228125 0.103307471875 0.596405228125 0.14822376406249999 0.6290849671875 0.14822376406249999 0.6290849671875 0.103307471875
0 0.215686275 0.20416496562500003 0.177696078125 0.20416496562500003 0.177696078125 0.23152307031250002 0.215686275 0.23152307031250002 0.215686275 0.20416496562500003
0 0.0866013078125 0.16619028125 0.04616013125 0.16619028125 0.04616013125 0.1792568390625 0.0866013078125 0.1792568390625 0.0866013078125 0.16619028125
0 0.3059640515625 0.0747243765625 0.2638888890625 0.0747243765625 0.2638888890625 0.0979991828125 0.3059640515625 0.0979991828125 0.3059640515625 0.0747243765625
0 0.3374183 0.016333196875 0.3190359484375 0.016333196875 0.3190359484375 0.06369946875 0.3374183 0.06369946875 0.3374183 0.016333196875
0 0.705065359375 0.4577378515625 0.6727941171875 0.4577378515625 0.6727941171875 0.470804409375 0.705065359375 0.470804409375 0.705065359375 0.4577378515625
0 0.9076797390625 0.9064924453125001 0.8656045750000001 0.9064924453125001 0.8656045750000001 0.970191915625 0.9076797390625 0.970191915625 0.9076797390625 0.9064924453125001