0 0.9092620484375 0.2550200796875 0.620858434375 0.2550200796875 0.620858434375 0.7690763046875 0.9092620484375 0.7690763046875 0.9092620484375 0.2550200796875
0 0.70820783125 0.10642570312499999 0.6298945781249999 0.10642570312499999 0.6298945781249999 0.22690763125000002 0.70820783125 0.22690763125000002 0.70820783125 0.10642570312499999
0 0.31212349375000004 0.335341365625 0.2684487953125 0.335341365625 0.2684487953125 0.4397590359375 0.31212349375000004 0.4397590359375 0.31212349375000004 0.335341365625
0 0.202936746875 0.39022757656249996 0.1682981921875 0.39022757656249996 0.1682981921875 0.48125836718750004 0.202936746875 0.48125836718750004 0.202936746875 0.39022757656249996
0 0.1129518078125 0.720883534375 0.06871235 0.720883534375 0.06871235 0.748326640625 0.1129518078125 0.748326640625 0.1129518078125 0.720883534375
0 0.18015813281249998 0.728580990625 0.15342620468749998 0.728580990625 0.15342620468749998 0.758032128125 0.18015813281249998 0.758032128125 0.18015813281249998 0.728580990625
0 0.2170557234375 0.6867469875000001 0.1995481921875 0.6867469875000001 0.1995481921875 0.741967871875 0.2170557234375 0.741967871875 0.2170557234375 0.6867469875000001
0 0.2554593375 0.6419009375 0.22910391562500002 0.6419009375 0.22910391562500002 0.6753681390625 0.2554593375 0.6753681390625 0.2554593375 0.6419009375
0 0.28953313281250004 0.6683400265625 0.2710843375 0.6683400265625 0.2710843375 0.706157965625 0.28953313281250004 0.706157965625 0.28953313281250004 0.6683400265625
0 0.3006400609375 0.6924364125 0.29254518125 0.6924364125 0.29254518125 0.7041499328125 0.3006400609375 0.7041499328125 0.3006400609375 0.6924364125
0 0.21837349375 0.670348059375 0.2104668671875 0.670348059375 0.2104668671875 0.6840696125 0.21837349375 0.6840696125 0.21837349375 0.670348059375
0 0.1854292171875 0.52309236875 0.16133283125 0.52309236875 0.16133283125 0.54283801875 0.1854292171875 0.54283801875 0.1854292171875 0.52309236875
0 0.2213855421875 0.428714859375 0.2108433734375 0.428714859375 0.2108433734375 0.441097725 0.2213855421875 0.441097725 0.2213855421875 0.428714859375
0 0.34186747031250003 0.623159303125 0.33640813281250004 0.623159303125 0.33640813281250004 0.6345381531250001 0.34186747031250003 0.6345381531250001 0.34186747031250003 0.623159303125
0 0.6065512046875 0.2048192765625 0.58791415625 0.2048192765625 0.58791415625 0.23694779062500002 0.6065512046875 0.23694779062500002 0.6065512046875 0.2048192765625