0 0.5257906625000001 0.270080321875 0.39024849375000004 0.270080321875 0.39024849375000004 0.4748995984375 0.5257906625000001 0.4748995984375 0.5257906625000001 0.270080321875
0 0.5668298187499999 0.08366800468749999 0.5237198796875 0.08366800468749999 0.5237198796875 0.142904953125 0.5668298187499999 0.142904953125 0.5668298187499999 0.08366800468749999
0 0.566641565625 0.48460508750000003 0.48230421718749994 0.48460508750000003 0.48230421718749994 0.6937751 0.566641565625 0.6937751 0.566641565625 0.48460508750000003
0 0.785391565625 0.3333333328125 0.7432228921874999 0.3333333328125 0.7432228921874999 0.44444444375 0.785391565625 0.44444444375 0.785391565625 0.3333333328125
0 0.28633283125000003 0.48393574375000004 0.25621235000000003 0.48393574375000004 0.25621235000000003 0.5398259703125 0.28633283125000003 0.5398259703125 0.28633283125000003 0.48393574375000004
0 0.7264683734374999 0.915997321875 0.7138554218750001 0.915997321875 0.7138554218750001 0.9568273093749999 0.7264683734374999 0.9568273093749999 0.7264683734374999 0.915997321875
0 0.48889307187500003 0.9524765734375 0.464043675 0.9524765734375 0.464043675 0.999665328125 0.48889307187500003 0.999665328125 0.48889307187500003 0.9524765734375
0 0.05271084375 0.7185408296875 0.047439759375 0.7185408296875 0.047439759375 0.73393574375 0.05271084375 0.73393574375 0.05271084375 0.7185408296875
0 0.1370481921875 0.829651940625 0.125 0.829651940625 0.125 0.872489959375 0.1370481921875 0.872489959375 0.1370481921875 0.829651940625
0 0.3179593375 0.714524765625 0.29875752968749997 0.714524765625 0.29875752968749997 0.7573627843749999 0.3179593375 0.7573627843749999 0.3179593375 0.714524765625
0 0.33170180781249997 0.7325970546875 0.32567771093750003 0.7325970546875 0.32567771093750003 0.755689425 0.33170180781249997 0.755689425 0.33170180781249997 0.7325970546875
0 0.3465737953125 0.6837349390624999 0.33942018125 0.6837349390624999 0.33942018125 0.6977911640625 0.3465737953125 0.6977911640625 0.3465737953125 0.6837349390624999
0 0.6475903609375 0.084672021875 0.5901731921875 0.084672021875 0.5901731921875 0.18741633124999998 0.6475903609375 0.18741633124999998 0.6475903609375 0.084672021875
0 0.6658509031250001 0.8818607765625 0.6044804218750001 0.8818607765625 0.6044804218750001 0.9993306562500001 0.6658509031250001 0.9993306562500001 0.6658509031250001 0.8818607765625
0 0.6003388546874999 0.956157965625 0.583396084375 0.956157965625 0.583396084375 0.9836010703125 0.6003388546874999 0.9836010703125 0.6003388546874999 0.956157965625
0 0.7852033125 0.16900937031250002 0.6846762046875 0.16900937031250002 0.6846762046875 0.3406961171875 0.7852033125 0.3406961171875 0.7852033125 0.16900937031250002
0 0.774849396875 0.0736278453125 0.770331325 0.0736278453125 0.770331325 0.10374832656249999 0.774849396875 0.10374832656249999 0.774849396875 0.0736278453125
0 0.7383283125 0.0170682734375 0.7200677703125 0.0170682734375 0.7200677703125 0.052878179687500006 0.7383283125 0.052878179687500006 0.7383283125 0.0170682734375
0 0.7618599390624999 0.0455153953125 0.7358810234375001 0.0455153953125 0.7358810234375001 0.0876840703125 0.7618599390624999 0.0876840703125 0.7618599390624999 0.0455153953125
0 0.8040286140624999 0.12617135156249998 0.7944277109375 0.12617135156249998 0.7944277109375 0.14892905 0.8040286140624999 0.14892905 0.8040286140624999 0.12617135156249998
0 0.745858434375 0.050870146875 0.7166792171874999 0.050870146875 0.7166792171874999 0.1164658640625 0.745858434375 0.1164658640625 0.745858434375 0.050870146875
0 0.791227409375 0.0314591703125 0.754518071875 0.0314591703125 0.754518071875 0.06325301250000001 0.791227409375 0.06325301250000001 0.791227409375 0.0314591703125
0 0.99962349375 0.7831325296875 0.9862575296875 0.7831325296875 0.9862575296875 0.8109103078125001 0.99962349375 0.8109103078125001 0.99962349375 0.7831325296875