0 0.850400571875 0.15777650468749999 0.5672957453125 0.21280650781250002 0.6653822968750001 0.7174180734375 0.948487125 0.66238806875 0.850400571875 0.15777650468749999
0 0.756490946875 0.728346965625 0.6796165296875001 0.7432898390625 0.702605565625 0.8615581750000001 0.7794799828125 0.8466153015625 0.756490946875 0.728346965625
0 0.3270698328125 0.5949826953125 0.2841975609375 0.6033162203125 0.3041213921875 0.7058154437499999 0.34699366249999997 0.69748191875 0.3270698328125 0.5949826953125
0 0.2119707078125 0.5750796375 0.1779685609375 0.581688984375 0.1953380546875 0.6710472828125 0.22934020156249998 0.6644379359375 0.2119707078125 0.5750796375
0 0.0726800171875 0.3300880953125 0.0292533625 0.3385293828125 0.034489753125 0.36546828124999997 0.0779164078125 0.3570269953125 0.0726800171875 0.3300880953125
0 0.136799678125 0.3077373546875 0.11055889062499999 0.312838046875 0.1161784328125 0.341748084375 0.1424192203125 0.336647390625 0.136799678125 0.3077373546875
0 0.1760845609375 0.316466071875 0.1588986921875 0.3198066671875 0.1694353328125 0.3740129875 0.1866212015625 0.37067239375 0.1760845609375 0.316466071875
0 0.2264904203125 0.374514425 0.20061922187499998 0.37954327656250003 0.2070050640625 0.4123955921875 0.2328762625 0.407366740625 0.2264904203125 0.374514425
0 0.25406320781249997 0.33778870781250003 0.23595336875 0.3413089046875 0.243169371875 0.378432021875 0.2612792109375 0.374911825 0.25406320781249997 0.33778870781250003
0 0.26534922031249997 0.337640546875 0.2574030671875 0.339185121875 0.2596381125 0.35068343125 0.267584265625 0.34913885625 0.26534922031249997 0.337640546875
0 0.18842562812500002 0.3730491359375 0.18066426875 0.374557790625 0.18328246406249998 0.388027240625 0.19104382343749998 0.386518584375 0.18842562812500002 0.3730491359375
0 0.1830348890625 0.517971971875 0.15938122187499998 0.522569778125 0.16314886875 0.5419526453125 0.1868025375 0.5373548375 0.1830348890625 0.517971971875
0 0.2377435578125 0.61098221875 0.2273950796875 0.612993759375 0.229757840625 0.6251491171875 0.2401063203125 0.6231375765625 0.2377435578125 0.61098221875
0 0.3191017203125 0.3981068015625 0.3137426859375 0.39914849218750004 0.3159138734375 0.4103182796875 0.3212729078125 0.40927658906250003 0.3191017203125 0.3981068015625
0 0.6547862875 0.7378882703125 0.636491653125 0.7414443875 0.6426220625 0.7729826109375 0.660916696875 0.7694264937499999 0.6547862875 0.7378882703125