0 0.5969524625 0.2533864046875 0.2746125828125 0.1907298796875 0.1946671484375 0.602013490625 0.5170070265625 0.6646700156249999 0.5969524625 0.2533864046875
0 0.7309712984375001 0.7025548078125 0.6854444421875 0.693705284375 0.6742129593749999 0.7514862499999999 0.719739815625 0.7603357734375 0.7309712984375001 0.7025548078125
0 0.6779480015625 0.6386846453125 0.62073510625 0.6275635859375 0.608494053125 0.6905383453125 0.6657069484375 0.70165940625 0.6779480015625 0.6386846453125
0 0.6189298125 0.596556846875 0.5702379875 0.5870921140625 0.5578076390625 0.6510407109374999 0.6064994640625 0.6605054421875 0.6189298125 0.596556846875
0 0.6185009328125 0.5142754390625 0.5698091078124999 0.5048107078124999 0.557568053125 0.56778546875 0.606259878125 0.5772502 0.6185009328125 0.5142754390625
0 0.6741816015625 0.5358787359375 0.627680909375 0.5268399171875 0.6160708374999999 0.58656855625 0.66257153125 0.5956073749999999 0.6741816015625 0.5358787359375
0 0.6757813609375 0.45095976406249993 0.62928066875 0.44192094531250004 0.617481303125 0.50262341875 0.6639819953125 0.5116622375000001 0.6757813609375 0.45095976406249993
0 0.719175125 0.377196615625 0.6682921687500001 0.36730597187499997 0.6558618203125001 0.43125456875 0.7067447765625 0.44114521250000005 0.719175125 0.377196615625
0 0.7790962421875001 0.439375684375 0.7235875625 0.42858589062499997 0.711788196875 0.4892883640625 0.7672968765625 0.5000781578125 0.7790962421875001 0.439375684375
0 0.801852453125 0.5458728390625 0.7392834578125 0.5337106578124999 0.7272317 0.59571158125 0.78980069375 0.6078737609375 0.801852453125 0.5458728390625
0 0.7332070390625 0.549373384375 0.6813502453125 0.53929344375 0.6695508796875 0.5999959171875 0.7214076734375 0.6100758578125001 0.7332070390625 0.549373384375
0 0.748963784375 0.6177903640625 0.6966200734375 0.607615778125 0.685199296875 0.666370578125 0.7375430078125 0.676545165625 0.748963784375 0.6177903640625
0 0.7814979703125 0.63758945625 0.739623 0.6294497875 0.7285808125 0.686256915625 0.7704557828125 0.6943965859375 0.7814979703125 0.63758945625