0 0.7802579359374999 0.3416005296875 0.4518849203125 0.3416005296875 0.4518849203125 0.7605820109375 0.7802579359374999 0.7605820109375 0.7802579359374999 0.3416005296875
0 0.281001984375 0.2863756609375 0.234623015625 0.2863756609375 0.234623015625 0.3452380953125 0.281001984375 0.3452380953125 0.281001984375 0.2863756609375
0 0.3571428578125 0.333664021875 0.2988591265625 0.333664021875 0.2988591265625 0.3978174609375 0.3571428578125 0.3978174609375 0.3571428578125 0.333664021875
0 0.4144345234375 0.36276454999999996 0.3648313484375 0.36276454999999996 0.3648313484375 0.427910053125 0.4144345234375 0.427910053125 0.4144345234375 0.36276454999999996
0 0.43055555625 0.44444444375 0.38095238125 0.44444444375 0.38095238125 0.5085978843750001 0.43055555625 0.5085978843750001 0.43055555625 0.44444444375
0 0.3695436515625 0.4371693125 0.32217261875 0.4371693125 0.32217261875 0.49801587343750003 0.3695436515625 0.49801587343750003 0.3695436515625 0.4371693125
0 0.3841765875 0.5198412703125 0.33680555624999997 0.5198412703125 0.33680555624999997 0.58167989375 0.3841765875 0.58167989375 0.3841765875 0.5198412703125
0 0.360119046875 0.597222221875 0.3082837296875 0.597222221875 0.3082837296875 0.662367725 0.360119046875 0.662367725 0.360119046875 0.597222221875
0 0.294146825 0.5509259265625001 0.23759920625 0.5509259265625001 0.23759920625 0.61276455 0.294146825 0.61276455 0.294146825 0.5509259265625001
0 0.25868055624999997 0.44940476250000005 0.1949404765625 0.44940476250000005 0.1949404765625 0.5125661375 0.25868055624999997 0.5125661375 0.25868055624999997 0.44940476250000005
0 0.3144841265625 0.43419312187500003 0.2616567453125 0.43419312187500003 0.2616567453125 0.49603174531249994 0.3144841265625 0.49603174531249994 0.3144841265625 0.43419312187500003
0 0.2864583328125 0.372023809375 0.2331349203125 0.372023809375 0.2331349203125 0.43187830624999995 0.2864583328125 0.43187830624999995 0.2864583328125 0.372023809375
0 0.24007936562499999 0.3607804234375 0.197420634375 0.3607804234375 0.197420634375 0.41865079375 0.24007936562499999 0.41865079375 0.24007936562499999 0.3607804234375