0 0.68738021875 0.700203909375 0.48241526874999996 0.6491004078125 0.4512253390625 0.7741963843749999 0.6561902875000001 0.8252998859374999 0.68738021875 0.700203909375
0 0.48566748281249994 0.5936959875000001 0.33523155 0.5561880968749999 0.2866072484375 0.75120951875 0.43704318124999997 0.788717409375 0.48566748281249994 0.5936959875000001
0 0.7098460656250001 0.599166575 0.46446549375 0.5379863265625 0.42671767968749996 0.6893845359374999 0.6720982531249999 0.7505647828125 0.7098460656250001 0.599166575
0 0.6404476765625 0.5276925171875 0.354972240625 0.456515496875 0.3321796 0.5479317874999999 0.6176550359374999 0.6191088078125 0.6404476765625 0.5276925171875
0 0.7259473921875 0.4498666625 0.4590759734375 0.38332814531250003 0.43708307343749997 0.471536846875 0.70395449375 0.5380753656249999 0.7259473921875 0.4498666625
0 0.42603866718749994 0.3764538140625 0.1431293015625 0.3059165875 0.091705903125 0.5121645703125 0.37461527031249997 0.5827017984375 0.42603866718749994 0.3764538140625
0 0.4070807078125 0.0657796125 0.30219254218749997 0.03962805625 0.229735934375 0.33023563437500003 0.3346241015625 0.356387190625 0.4070807078125 0.0657796125
0 0.4268883953125 0 0.3942934609375 0.1307311375 0.47063408281249997 0.1497649921875 0.5079746890625 0 0.4268883953125 0
0 0.5396596703125 0 0.503743603125 0.14405147499999998 0.7654828796875 0.20931040625000003 0.8025909 0.060478268749999994 0.5600258140625 0 0.5396596703125 0
0 0.7803606640625 0.15373827812500002 0.5183006296875 0.088399371875 0.4865508796875 0.2157406640625 0.748610915625 0.28107956875 0.7803606640625 0.15373827812500002
0 0.7653367265625 0.2317600828125 0.396463971875 0.139789775 0.3544775265625 0.30818820625 0.7233502828125 0.4001585140625 0.7653367265625 0.2317600828125
0 0.6685416828124999 0.3248267265625 0.38691535312499997 0.254609396875 0.36012400312500004 0.362063634375 0.6417503328125 0.43228096406249994 0.6685416828124999 0.3248267265625