0 0.41367090468749995 0.08401871093749999 0.140619046875 0.045643775 0.13391054062500002 0.09337728437500001 0.406962396875 0.1317522203125 0.41367090468749995 0.08401871093749999
0 0.3727797828125 0.1966625703125 0.11732460156249999 0.16076068593749998 0.09117279218749999 0.3468404703125 0.346627975 0.3827423546875 0.3727797828125 0.1966625703125
0 0.41121960937499996 0.48009752812500006 0.185496740625 0.448374246875 0.1551379015625 0.6643886046875 0.3808607703125 0.6961118859375001 0.41121960937499996 0.48009752812500006
0 0.5002941296875 0.3878382734375 0.25970510468749997 0.354025690625 0.2364527359375 0.519474890625 0.47704176093750006 0.5532874718749999 0.5002941296875 0.3878382734375
0 0.5291753671875 0.188941725 0.4339106078125 0.1755531359375 0.4224834046875 0.2568619125 0.5177481640625 0.27025050156249997 0.5291753671875 0.188941725
0 0.5707087453125 0.2764560921875 0.3792690546875 0.249550996875 0.3621566765625 0.3713118984375 0.5535963671874999 0.39821699375 0.5707087453125 0.2764560921875
0 0.666300996875 0.1224111328125 0.536753059375 0.1042043578125 0.51861735 0.23324664374999998 0.6481652859375 0.25145341875 0.666300996875 0.1224111328125
0 0.7973763046875 0.037292239062499996 0.637489271875 0.014821582812500001 0.6243565171875 0.1082659953125 0.7842435484375 0.130736653125 0.7973763046875 0.037292239062499996
0 0.8399904093749999 0.1237209578125 0.6831372874999999 0.1016766890625 0.657156034375 0.2865429078125 0.81400915625 0.3085871765625 0.8399904093749999 0.1237209578125
0 0.7369085015625 0.2804259140625 0.5873367625 0.2594049765625 0.571247715625 0.373884496875 0.7208194531250001 0.3949054328125 0.7369085015625 0.2804259140625
0 0.924462596875 0.326172953125 0.737877159375 0.2999500796875 0.7172968234375 0.4463867796875 0.9038822609375 0.472609653125 0.924462596875 0.326172953125
0 0.93300506875 0.44370169531250003 0.531315446875 0.3872479 0.49663587500000006 0.6340058749999999 0.898325496875 0.69045966875 0.93300506875 0.44370169531250003
0 1 0.5038561046875001 0.900830853125 0.48991878906249997 0.8792840375000001 0.64323235 0.9827403515625001 0.6577721875 1 0.5349634062499999 1 0.5038561046875001
0 0.9478011671875001 0.7456768390625 0.80520741875 0.72563659375 0.785081896875 0.868837125 0.9276756453124999 0.88887736875 0.9478011671875001 0.7456768390625
0 0.8189119609375 0.667748509375 0.48245139375 0.6204620609375 0.46255327968750004 0.76204450625 0.799013846875 0.8093309546875 0.8189119609375 0.667748509375
0 0.66176716875 1 0.6958767859375 0.7572974609374999 0.3169414859375 0.7040415765625 0.2790213640625 0.9738572640625 0.46503659218750004 1 0.66176716875 1
0 0.9154615937499999 1 0.937948859375 0.8399948 0.6415358999999999 0.798336675 0.6131939671875 1 0.9154615937499999 1
0 0.5735769375 0.566442096875 0.3821372453125 0.539537003125 0.3643426453125 0.6661521593749999 0.5557823375 0.693057253125 0.5735769375 0.566442096875