0 0.3817567046875 0.787008978125 0.2976048515625 0.7958536953124999 0.3100343578125 0.9141125484374999 0.3941862109375 0.90526783125 0.3817567046875 0.787008978125
0 0.36233090625000003 0.565389575 0.3051937109375 0.5713949359375 0.3095155609375 0.6125145921875 0.36665275625 0.60650923125 0.36233090625000003 0.565389575
0 0.407383075 0.304120878125 0.3495286765625 0.3102016203125 0.3592444640625 0.40264115624999997 0.41709886249999995 0.3965604140625 0.407383075 0.304120878125
0 0.502539403125 0.0872168796875 0.3911338265625 0.09892607812500001 0.40651157031249996 0.24523555 0.5179171484375 0.23352635312499997 0.502539403125 0.0872168796875
0 0.5114667890625 0.0456715109375 0.47656289375 0.0493400578125 0.4817893171875 0.09906615156250001 0.5166932125 0.0953976046875 0.5114667890625 0.0456715109375
0 0.3735143640625 0.0991665671875 0.346260640625 0.1020310484375 0.35054898749999996 0.1428319484375 0.37780271249999997 0.139967465625 0.3735143640625 0.0991665671875
0 0.5504529312499999 0 0.5485036609375 0.00020487656249999997 0.5537970890625 0.0505684875 0.587027509375 0.0470758296875 0.5820796406250001 0 0.5504529312499999 0
0 0.6824102062499999 0.12438812031249999 0.6367482640625 0.129187384375 0.642477228125 0.183694834375 0.6881391703124999 0.1788955703125 0.6824102062499999 0.12438812031249999
0 0.6056074328125 0.1801576046875 0.5570766765624999 0.1852583921875 0.5630401593750001 0.24199714218750001 0.6115709171875 0.23689635468749998 0.6056074328125 0.1801576046875
0 0.725180671875 0.3174493578125 0.6759327125000001 0.322625528125 0.6868545968750001 0.42654031562499994 0.73610255625 0.42136414687499996 0.725180671875 0.3174493578125
0 0.4998175359375 0.3533825546875 0.46276203125000004 0.3572772453125 0.46785444375 0.40572831093749995 0.5049099484374999 0.40183362031250003 0.4998175359375 0.3533825546875
0 0.5145086921875001 0.5184563296875 0.48032200156249993 0.5220494953125 0.48685503125 0.5842071140625 0.5210417203125 0.5806139484374999 0.5145086921875001 0.5184563296875
0 0.6061242140624999 0.601321021875 0.523884903125 0.6099647203125 0.535007803125 0.7157920515625 0.6172471140625 0.7071483515625 0.6061242140624999 0.601321021875
0 0.640286934375 0.6434938921875 0.613272275 0.646333246875 0.618632709375 0.6973343703125 0.6456473671875 0.694495015625 0.640286934375 0.6434938921875
0 0.686926309375 0.7974750953124999 0.59201640625 0.807450528125 0.605216475 0.93304079375 0.700126378125 0.9230653609375 0.686926309375 0.7974750953124999
0 0.8764598171875001 0.5977230312499999 0.7437772093749999 0.6116685359375 0.7651854421875 0.8153542703125 0.8978680499999999 0.801408765625 0.8764598171875001 0.5977230312499999
0 0.8076988406250001 0.5092334484375 0.7092029234375 0.5195857859374999 0.71764560625 0.5999125546874999 0.8161415249999999 0.5895602171875 0.8076988406250001 0.5092334484375
0 0.5378766171875 0.7154905265625 0.48073942187499996 0.7214958874999999 0.488311034375 0.7935349734375 0.5454482296875 0.7875296125 0.5378766171875 0.7154905265625
0 0.193021328125 0.65859785 0.088548715625 0.6695783640624999 0.0980969890625 0.7604241140625 0.20256960156249998 0.7494436 0.193021328125 0.65859785
0 0.57653265625 0.3749690734375 0.515092240625 0.381426721875 0.5227643625 0.454422078125 0.5842047765625 0.44796443124999996 0.57653265625 0.3749690734375
0 0 0.401725875 0.171141959375 0.38373813125 0.1345905 0.0359742234375 0 0.050120256249999995 0 0.401725875