0 0.18485576875 0.1897435890625 0.0490384609375 0.1897435890625 0.0490384609375 0.3583333328125 0.18485576875 0.3583333328125 0.18485576875 0.1897435890625
0 0.11899038437500001 0.46794871718750003 0.03173076875 0.46794871718750003 0.03173076875 0.733653846875 0.11899038437500001 0.733653846875 0.11899038437500001 0.46794871718750003
0 0.353365384375 0.3634615390625 0.240625 0.3634615390625 0.240625 0.563141025 0.353365384375 0.563141025 0.353365384375 0.3634615390625
0 0.31201923125 0.159615384375 0.168509615625 0.159615384375 0.168509615625 0.3423076921875 0.31201923125 0.3423076921875 0.31201923125 0.159615384375
0 0.4209134609375 0.246474359375 0.2983173078125 0.246474359375 0.2983173078125 0.390064103125 0.4209134609375 0.390064103125 0.4209134609375 0.246474359375
0 0.29110576875 0.027564103125 0.24615384687500003 0.027564103125 0.24615384687500003 0.08012820468750001 0.29110576875 0.08012820468750001 0.29110576875 0.027564103125
0 0.612740384375 0.3262820515625 0.5290865390625 0.3262820515625 0.5290865390625 0.3871794875 0.612740384375 0.3871794875 0.612740384375 0.3262820515625
0 0.987259615625 0.43173076874999994 0.80360576875 0.43173076874999994 0.80360576875 0.6858974359375 0.987259615625 0.6858974359375 0.987259615625 0.43173076874999994
0 0.669471153125 0.6509615390625 0.6177884609375 0.6509615390625 0.6177884609375 0.7769230765625 0.669471153125 0.7769230765625 0.669471153125 0.6509615390625
0 0.6197115390625 0.7884615390625 0.43990384687499995 0.7884615390625 0.43990384687499995 0.959935896875 0.6197115390625 0.959935896875 0.6197115390625 0.7884615390625
0 0.4545673078125 0.4647435890625 0.3384615390625 0.4647435890625 0.3384615390625 0.640384615625 0.4545673078125 0.640384615625 0.4545673078125 0.4647435890625
0 0.6144230765625001 0.2362179484375 0.5879807687499999 0.2362179484375 0.5879807687499999 0.28076923125 0.6144230765625001 0.28076923125 0.6144230765625001 0.2362179484375