0 0.1976453359375 0.2449510734375 0.07022221875 0.25834378281250003 0.0957177828125 0.5009178734375 0.22314090000000003 0.48752516406249996 0.1976453359375 0.2449510734375
0 0.355788265625 0.2708703171875 0.322318778125 0.2743881015625 0.327243678125 0.321245384375 0.360713165625 0.3177275984375 0.355788265625 0.2708703171875
0 0.3822792203125 0.10436863125 0.3514394796875 0.10761001875000001 0.3587765734375 0.17741780468749999 0.389616315625 0.17417641718750002 0.3822792203125 0.10436863125
0 0.40553587812499997 0.28884566875 0.3173198734375 0.29811754375 0.33055344375 0.424026565625 0.41876945 0.414754690625 0.40553587812499997 0.28884566875
0 0.3658088984375 0.39840614531249996 0.2553595921875 0.41001483437499997 0.2832673515625 0.67553943125 0.3937166578125 0.663930740625 0.3658088984375 0.39840614531249996
0 0.514330775 0.36958245624999997 0.46006239375 0.37528629375 0.4670644609375 0.44190651093750005 0.5213328421875 0.4362026734375 0.514330775 0.36958245624999997
0 0.6063172781249999 0.3869856625 0.5668710984375 0.3911316234375 0.5723990453125001 0.44372653125 0.6118452265625 0.43958057031250003 0.6063172781249999 0.3869856625
0 0.8165471578125001 0.30365673593750003 0.71255268125 0.3145869953125 0.725719246875 0.4398585046875 0.8297137234375 0.42892824375 0.8165471578125001 0.30365673593750003
0 0.7611147640625 0.056816731249999995 0.6970446031249999 0.0635507765625 0.707530953125 0.163321725 0.7716011125 0.1565876796875 0.7611147640625 0.056816731249999995
0 0.5796848765625 0.5728389125 0.5148975124999999 0.5796483390625 0.5236417203125 0.6628439203125 0.5884290859375 0.65603449375 0.5796848765625 0.5728389125
0 0.7077127046875 0.5812975703125 0.6661149140625 0.5856696734375 0.6711738234375 0.6338019828125 0.712771615625 0.6294298796875 0.7077127046875 0.5812975703125
0 0.728614125 0.460502328125 0.6561765937499999 0.46811582031250004 0.6671989875000001 0.5729868796875001 0.73963651875 0.5653733890625 0.728614125 0.460502328125
0 0.532845434375 0.7044173046875 0.454192140625 0.7126840999999999 0.46642063125 0.8290304109375001 0.5450739234374999 0.8207636171875 0.532845434375 0.7044173046875
0 0.5189007125 0.21988728750000003 0.48064986875000004 0.2239076125 0.48497171874999995 0.26502726718749997 0.5232225625 0.261006940625 0.5189007125 0.21988728750000003