0 0.9250569656250001 0.47068643125 0.6427353484375 0.510364146875 0.7079504359375 0.9743936078125 0.9902720531250001 0.9347158921875 0.9250569656250001 0.47068643125
0 0.5455549921875 0.5046021953125 0.3843983875 0.527251278125 0.4188794140625 0.772596540625 0.5800360203125 0.7499474578124999 0.5455549921875 0.5046021953125
0 0.6909748671875 0.43561536093750003 0.6048025015625 0.447726096875 0.6149282375 0.5197744484375 0.701100603125 0.5076637109375 0.6909748671875 0.43561536093750003
0 0.5912604765625 0.3081887125 0.5417470734375 0.31514736875 0.55111449375 0.3818000265625 0.6006278968750001 0.374841371875 0.5912604765625 0.3081887125
0 0.2447845546875 0.1901964453125 0.0786289984375 0.2135480859375 0.093170803125 0.31701840468750003 0.25932635937500004 0.29366676406250003 0.2447845546875 0.1901964453125
0 0.42314131718750003 0.148299578125 0.3786268625 0.1545556765625 0.388663384375 0.22596923906250002 0.43317783906249996 0.219713140625 0.42314131718750003 0.148299578125
0 0.6456702625 0.10116570312499999 0.550452178125 0.11454773124999999 0.57346926875 0.27832283593749996 0.6686873531249999 0.26494080625 0.6456702625 0.10116570312499999
0 0.5257514828125001 1 0.6529619921875 0.9821217296875 0.6198637734375 0.7466156703125 0.48489214062499997 0.7655846953125 0.5178370640625001 1 0.5257514828125001 1
0 0.506909346875 0.606161303125 0.35384627812499997 0.6276729140625 0.3806995484375 0.81874386875 0.53376261875 0.7972322562499999 0.506909346875 0.606161303125
0 0.6244521828125 0.4925429296875 0.5949345765625 0.4966913578125 0.6004212078125 0.5357307734375001 0.629938815625 0.53158234375 0.6244521828125 0.4925429296875
0 0.4899604875 0.46483707812499997 0.44306557968750004 0.471427728125 0.459302440625 0.5869590015624999 0.5061973484375 0.5803683515625 0.4899604875 0.46483707812499997