0 0.6438610812500001 0.5913066796875001 0.7546615109375 0.5932407093750001 0.7571171546875 0.4525570109375 0.6463167249999999 0.45062298125 0.6438610812500001 0.5913066796875001
0 0.7707294453125 0.7332860515624999 0.9002770203124999 0.7355473124999999 0.9036556265625 0.541987053125 0.774108053125 0.5397257921875 0.7707294453125 0.7332860515624999
0 0.8282221 0.373337178125 0.8950388437499999 0.37450346875 0.8963925234375001 0.29695118125 0.8295757796875 0.295784890625 0.8282221 0.373337178125
0 0.634279134375 0.286285303125 0.7313797265625 0.2879802 0.7339080890624999 0.14313047031249998 0.6368074953125 0.1414355734375 0.634279134375 0.286285303125
0 0.453190228125 0 0.4525121921875 0.0388445765625 0.5464882625 0.040484934375 0.547181884375 0.0007473984375 0.5043634406249999 0 0.453190228125 0
0 0.407670121875 0.280085896875 0.53914048125 0.2823807203125 0.541993278125 0.118944078125 0.41052291875 0.11664925468750001 0.407670121875 0.280085896875
0 0.2136291515625 0.41902826875 0.3513485578125 0.42143216875 0.3552194109375 0.199671078125 0.21750000625000002 0.19726717656249998 0.2136291515625 0.41902826875
0 0.160527203125 0.5549811921875001 0.3316549828125 0.5579682390625 0.334843403125 0.37530375625 0.16371562343749999 0.372316709375 0.160527203125 0.5549811921875001
0 0.0373587421875 0.862173265625 0.34812871093750003 0.8675977749999999 0.3522289078125 0.6326976609375 0.0414589390625 0.62727315 0.0373587421875 0.862173265625
0 0.41439440625 0.693727790625 0.5275983171874999 0.695703771875 0.5308762375 0.507911865625 0.41767232656250003 0.5059358828125 0.41439440625 0.693727790625
0 0.38841335625 0.777261440625 0.4674878484375 0.778641690625 0.46944005781250003 0.6667997515625 0.390365565625 0.6654195015625 0.38841335625 0.777261440625
0 0.566658846875 0.6066283140625 0.5969426953125 0.6071569203125 0.597848878125 0.555241753125 0.5675650296875 0.5547131453125 0.566658846875 0.6066283140625
0 0.5491323609375 0.8669390046875 0.6072965781249999 0.867954265625 0.60912013125 0.763483 0.5509559140625 0.7624677390625 0.5491323609375 0.8669390046875
0 0.0034210140625000004 0.31342046875 0.0351469515625 0.31397424687500003 0.0361426328125 0.2569316546875 0.004416696875 0.2563778765625 0.0034210140625000004 0.31342046875
0 0.43526880312499994 0.44822137343749996 0.5369360078125001 0.44999598125 0.5387427796875001 0.34648610625 0.437075575 0.34471149843750004 0.43526880312499994 0.44822137343749996
0 0.3617140375 0.2270321828125 0.43574122343750005 0.22832433124999998 0.43764868124999995 0.11904610625 0.3636214953125 0.11775395625 0.3617140375 0.2270321828125