0 0.8343163703125 0.5001187359375 0.5045295796875 0.5762560156250001 0.565093325 0.83858641875 0.8948801156249999 0.7624491390625 0.8343163703125 0.5001187359375
0 0.977489184375 0.5539058031249999 0.8674041046875001 0.579320946875 0.8860058265624999 0.65989385625 0.9960909062500001 0.6344787125 0.977489184375 0.5539058031249999
0 0.16083623125 0.492776784375 0.0327159359375 0.522355684375 0.0532643484375 0.6113606421875 0.1813846453125 0.581781740625 0.16083623125 0.492776784375
0 0.2542629109375 0.16759256875 0.162213046875 0.18884395468749998 0.19069242656250002 0.312201703125 0.2827422921875 0.2909503171875 0.2542629109375 0.16759256875
0 0.44303219531250004 0 0.39267739062499996 0.0116253234375 0.41250480781250004 0.0975072984375 0.4745740546875 0.083177484375 0.45537101875 0 0.44303219531250004 0
0 0.5838402328125001 0.16321335937499998 0.5182576328125 0.1783542953125 0.569953115625 0.40227203125 0.635535715625 0.3871310953125 0.5838402328125001 0.16321335937499998
0 0.5534944515625 0.3106781640625 0.440130240625 0.336850353125 0.46284164531250005 0.435224253125 0.57620585625 0.4090520625 0.5534944515625 0.3106781640625
0 0.9238142203124999 0.1643285375 0.6738976671875 0.2220263203125 0.7177342828125 0.41190356250000004 0.9676508359374999 0.3542057796875 0.9238142203124999 0.1643285375
0 0.4104000734375 0.7081836390625 0.35488908750000003 0.720999359375 0.3714720171875 0.7928279218750001 0.426983003125 0.7800122015625 0.4104000734375 0.7081836390625
0 0.17474013125 0.8158788906250001 0.1393723703125 0.82404418125 0.15292711406249998 0.882756225 0.188294875 0.8745909328125 0.17474013125 0.8158788906250001
0 0.155050421875 0.0862224484375 0.1311596171875 0.091738075 0.13642289531250001 0.11453583593750001 0.1603136984375 0.10902020937500001 0.155050421875 0.0862224484375
0 0.763386740625 0.3681405578125 0.7139655671875 0.379550334375 0.7299717 0.4488805109375 0.7793928734375 0.437470734375 0.763386740625 0.3681405578125