0 0.409615384375 0.5701923078125 0.2204326921875 0.5701923078125 0.2204326921875 0.7304487171875 0.409615384375 0.7304487171875 0.409615384375 0.5701923078125
0 0.228125 0.4615384609375 0.1887019234375 0.4615384609375 0.1887019234375 0.6051282046875001 0.228125 0.6051282046875001 0.228125 0.4615384609375
0 0.130528846875 0.2878205125 0.011778846875 0.2878205125 0.011778846875 0.400641025 0.130528846875 0.400641025 0.130528846875 0.2878205125
0 0.2670673078125 0.1753205125 0.1646634609375 0.1753205125 0.1646634609375 0.33141025625 0.2670673078125 0.33141025625 0.2670673078125 0.1753205125
0 0.565625 0.35929487187500003 0.3204326921875 0.35929487187500003 0.3204326921875 0.490705128125 0.565625 0.490705128125 0.565625 0.35929487187500003
0 0.6896634609375 0.634294871875 0.528365384375 0.634294871875 0.528365384375 0.9185897437499999 0.6896634609375 0.9185897437499999 0.6896634609375 0.634294871875
0 0.752884615625 0.4419871796875 0.59375 0.4419871796875 0.59375 0.6448717953124999 0.752884615625 0.6448717953124999 0.752884615625 0.4419871796875
0 0.9408653843750001 0.496794871875 0.7454326921875001 0.496794871875 0.7454326921875001 0.691025640625 0.9408653843750001 0.691025640625 0.9408653843750001 0.496794871875
0 0.9997596156249999 0.35929487187500003 0.8911057687499999 0.35929487187500003 0.8911057687499999 0.5298076921875 0.9997596156249999 0.5298076921875 0.9997596156249999 0.35929487187500003
0 0.7725961531250001 0.136858975 0.5858173078125 0.136858975 0.5858173078125 0.2570512828125 0.7725961531250001 0.2570512828125 0.7725961531250001 0.136858975
0 0.7884615390625 0.7451923078125 0.753125 0.7451923078125 0.753125 0.79326923125 0.7884615390625 0.79326923125 0.7884615390625 0.7451923078125