0 0.584543996875 0.415425228125 0.4925029078125 0.40575131875 0.478096740625 0.5428168359375001 0.5701378296875 0.5524907453125001 0.584543996875 0.415425228125
0 0.6089450078125 0.4937252765625 0.5754755203124999 0.490207490625 0.5711536703125 0.5313271453125 0.6046231578125 0.53484493125 0.6089450078125 0.4937252765625
0 0.7403102515625 0.531703190625 0.5442746859375001 0.5110990234375 0.5196501921875 0.74538543125 0.7156857578125 0.7659895999999999 0.7403102515625 0.531703190625
0 0.7819319328125001 0.768118178125 0.7424857515625 0.7639722171875001 0.737091815625 0.8152920984375 0.7765379953125 0.8194380578124999 0.7819319328125001 0.768118178125
0 0.8387829124999999 0.7676478921875 0.8005320703125 0.763627565625 0.79533915 0.813034903125 0.8335899921875001 0.817055228125 0.8387829124999999 0.7676478921875
0 0.81911994375 0.4142978890625 0.7581576640625001 0.4078904953125 0.748441878125 0.5003300312500001 0.80940415625 0.5067374250000001 0.81911994375 0.4142978890625
0 0.537959009375 0.0882506515625 0.4327691921875 0.07719475625 0.41869805312499997 0.2110727046875 0.5238878703125 0.2221286 0.537959009375 0.0882506515625
0 0.37628211562499997 0.25817913593749997 0.2830456875 0.24837959375000002 0.2644516828125 0.4252897375 0.35768811093749997 0.43508928124999996 0.37628211562499997 0.25817913593749997
0 0.39864804375 0.5973107093750001 0.3484438140625 0.5920340328125 0.3400681359375 0.6717232859375 0.390272365625 0.6769999640625 0.39864804375 0.5973107093750001
0 0.4822513546875 0.8252470109375001 0.429656446875 0.8197190640625 0.4259711484375 0.8547823359375 0.47856605625000004 0.8603102828125 0.4822513546875 0.8252470109375001
0 0.5125879234374999 0.375634509375 0.4764886890625 0.3718403265625 0.473037909375 0.4046723 0.5091371437500001 0.40846648124999996 0.5125879234374999 0.375634509375