0 0.2326923078125 0.5320512828124999 0.13173076875 0.5320512828124999 0.13173076875 0.599358975 0.2326923078125 0.599358975 0.2326923078125 0.5320512828124999
0 0.313221153125 0.591346153125 0.250721153125 0.591346153125 0.250721153125 0.6698717953125 0.313221153125 0.6698717953125 0.313221153125 0.591346153125
0 0.453125 0.27243589687499997 0.302403846875 0.27243589687499997 0.302403846875 0.4371794875 0.453125 0.4371794875 0.453125 0.27243589687499997
0 0.5199519234375 0.286858975 0.45024038437499997 0.286858975 0.45024038437499997 0.39423076875 0.5199519234375 0.39423076875 0.5199519234375 0.286858975
0 0.493509615625 0.3990384609375 0.328846153125 0.3990384609375 0.328846153125 0.7628205125 0.493509615625 0.7628205125 0.493509615625 0.3990384609375
0 0.5355769234375 0.46634615312500005 0.5091346156250001 0.46634615312500005 0.5091346156250001 0.49198717968750005 0.5355769234375 0.49198717968750005 0.5355769234375 0.46634615312500005
0 0.5728365390625 0.727564103125 0.534375 0.727564103125 0.534375 0.8044871796875 0.5728365390625 0.8044871796875 0.5728365390625 0.727564103125
0 0.64735576875 0.7451923078125 0.5860576921875 0.7451923078125 0.5860576921875 0.8333333328125001 0.64735576875 0.8333333328125001 0.64735576875 0.7451923078125
0 0.818028846875 0.5977564109375 0.715865384375 0.5977564109375 0.715865384375 0.7115384609375 0.818028846875 0.7115384609375 0.818028846875 0.5977564109375
0 0.7704326921875 0.3477564109375 0.6497596156250001 0.3477564109375 0.6497596156250001 0.4397435890625 0.7704326921875 0.4397435890625 0.7704326921875 0.3477564109375
0 0.6076923078124999 0.463141025 0.575240384375 0.463141025 0.575240384375 0.49358974375000003 0.6076923078124999 0.49358974375000003 0.6076923078124999 0.463141025
0 0.5463942312500001 0.0384615390625 0.4478365390625 0.0384615390625 0.4478365390625 0.18910256406249998 0.5463942312500001 0.18910256406249998 0.5463942312500001 0.0384615390625
0 0.8516826921874999 0.2548076921875 0.755528846875 0.2548076921875 0.755528846875 0.3958333328125 0.8516826921874999 0.3958333328125 0.8516826921874999 0.2548076921875