0 0.9292901328125 0.6746686421875 0.8333732578124999 0.6611884046875 0.8267021515625 0.7086558000000001 0.922619025 0.7221360375 0.9292901328125 0.6746686421875
0 0.7108446093749999 0.4783897875 0.6211476 0.46578369531249997 0.6110259203124999 0.537803190625 0.7007229296874999 0.5504092828125 0.7108446093749999 0.4783897875
0 0.5923770109375 0.2928236390625 0.47354484374999994 0.2761228671875 0.46636765156250004 0.3271912375 0.5851998203125001 0.34389200937500003 0.5923770109375 0.2928236390625
0 0.659484359375 0.157373915625 0.4597939375 0.1293092578125 0.4422190203125 0.2543612921875 0.6419094421875 0.28242595000000004 0.659484359375 0.157373915625
0 0.06602428437499999 0 0.03756500625 0.2024982875 0.20942971406250002 0.226652296875 0.24080692187500002 0.0033918593750000003 0.2166725875 0 0.06602428437499999 0
0 0.4040504421875 0.307416825 0.3516726265625 0.300055603125 0.34168896875 0.3710930140625 0.394066784375 0.3784542359375 0.4040504421875 0.307416825
0 0.2867365421875 0.21815507968749998 0.24941735 0.212910209375 0.24500061718750002 0.24433690000000002 0.282319809375 0.2495817703125 0.2867365421875 0.21815507968749998
0 0.7223341921875 0.185235040625 0.699746259375 0.1820605125 0.6965717328125 0.2046484453125 0.719159665625 0.20782297187499998 0.7223341921875 0.185235040625
0 0.7442089984375 0.2243626921875 0.7140917546875001 0.2201299890625 0.7132636171875 0.22602249218749998 0.7433808625 0.2302551953125 0.7442089984375 0.2243626921875
0 0.8195056703124999 0.15415874375 0.781859115625 0.148867865625 0.7773503671875 0.18094927656249998 0.814996921875 0.1862401546875 0.8195056703124999 0.15415874375
0 0.757036240625 0.27323509218750003 0.7026942578125001 0.265597825 0.6993817078125 0.2891678421875 0.753723690625 0.29680510937500004 0.757036240625 0.27323509218750003