0 0.7523227718750001 0.3850076140625 0.64280136875 0.3754257328125 0.6316006296875 0.503450753125 0.741122034375 0.513032634375 0.7523227718750001 0.3850076140625
0 0.5712942875 0.6117258718749999 0.5244101234375 0.6076240390625001 0.5149011640625 0.7163119484375 0.5617853265625 0.72041378125 0.5712942875 0.6117258718749999
0 0.5327109859375 0.5408242375000001 0.45750878906250003 0.5342448984375 0.4484956953125 0.6372650328125 0.5236978921875 0.643844371875 0.5327109859375 0.5408242375000001
0 0.47065881718749997 0.6798540546875 0.411772309375 0.6747021515625 0.402555034375 0.780056075 0.46144154375 0.7852079765625 0.47065881718749997 0.6798540546875
0 0.5225313203125 0.6722980953125 0.46439495781250006 0.6672118234375 0.4564902703125 0.7575628140624999 0.5146266328125 0.7626490875 0.5225313203125 0.6722980953125
0 0.3742303296875 0.5551788109375 0.323782971875 0.5507652390625 0.3171033640625 0.62711349375 0.3675507234375 0.631527065625 0.3742303296875 0.5551788109375
0 0.35931749218750003 0.4124389828125 0.322372771875 0.4092067390625 0.3135638578125 0.5098930828125 0.350508578125 0.5131253265625 0.35931749218750003 0.4124389828125
0 0.44422200468749995 0.4571576609375 0.41102801875 0.45425356250000004 0.405894346875 0.5129316984375001 0.43908833437499994 0.5158357953125 0.44422200468749995 0.4571576609375
0 0.6862069484375 0.12121331093750001 0.56543334375 0.11064698906249999 0.5444319609375 0.350693903125 0.6652055640625 0.361260225 0.6862069484375 0.12121331093750001
0 0.5325576234375 0.2445025546875 0.504052053125 0.242008640625 0.49740161406250005 0.318023496875 0.5259071859375 0.3205174109375 0.5325576234375 0.2445025546875
0 0.581777825 0.4486992609375 0.539769615625 0.44502401875 0.53361504375 0.5153711000000001 0.5756232531250001 0.5190463421875 0.581777825 0.4486992609375
0 0.536498784375 0.501849428125 0.5111813374999999 0.49963443906249994 0.5085269953125 0.5299737015625 0.53384444375 0.532188690625 0.536498784375 0.501849428125
0 0.4902413890625 0.643940859375 0.4465453484375 0.6401179515625001 0.44287010625 0.6821261625 0.4865661453125 0.6859490703125 0.4902413890625 0.643940859375
0 0.5233628125 0.494317121875 0.49635753437499996 0.491954465625 0.49244894375000003 0.5366298640625 0.519454221875 0.53899251875 0.5233628125 0.494317121875
0 0.3953300078125 0.5321644640625001 0.377138953125 0.530572953125 0.37296784375 0.5782489375 0.39115890000000003 0.5798404484375 0.3953300078125 0.5321644640625001
0 0.4417495515625 0.355820275 0.423370959375 0.35421235625 0.416603846875 0.43156080625 0.4349824375 0.433168725 0.4417495515625 0.355820275
0 0.2946005328125 0.394010865625 0.272283671875 0.39205839375 0.26951265625 0.42373125 0.2918295171875 0.42568372343750005 0.2946005328125 0.394010865625