0 0.7413403609375 0.508032128125 0.631400603125 0.508032128125 0.631400603125 0.636546184375 0.7413403609375 0.636546184375 0.7413403609375 0.508032128125
0 0.5807605421875001 0.28580990625 0.5336972890625 0.28580990625 0.5336972890625 0.3949129859375 0.5807605421875001 0.3949129859375 0.5807605421875001 0.28580990625
0 0.5361445781249999 0.35876840625 0.4606551203125 0.35876840625 0.4606551203125 0.46218206093749997 0.5361445781249999 0.46218206093749997 0.5361445781249999 0.35876840625
0 0.48644578281250006 0.212516734375 0.42733433749999994 0.212516734375 0.42733433749999994 0.3182730921875 0.48644578281250006 0.3182730921875 0.48644578281250006 0.212516734375
0 0.53746235 0.2396251671875 0.479103915625 0.2396251671875 0.479103915625 0.33032128437499997 0.53746235 0.33032128437499997 0.53746235 0.2396251671875
0 0.37951807187500003 0.35742971875 0.32887801250000004 0.35742971875 0.32887801250000004 0.4340696125 0.37951807187500003 0.4340696125 0.37951807187500003 0.35742971875
0 0.35222138593749996 0.47389558281250005 0.3151355421875 0.47389558281250005 0.3151355421875 0.5749665328125 0.35222138593749996 0.5749665328125 0.35222138593749996 0.47389558281250005
0 0.44070030156250006 0.47891566250000006 0.40737951875 0.47891566250000006 0.40737951875 0.5378179390625 0.44070030156250006 0.5378179390625 0.44070030156250006 0.47891566250000006
0 0.6524849390624999 0.6526104421875 0.53125 0.6526104421875 0.53125 0.893574296875 0.6524849390624999 0.893574296875 0.6524849390624999 0.6526104421875
0 0.5101656625000001 0.6810575640625001 0.4815512046875 0.6810575640625001 0.4815512046875 0.7573627843749999 0.5101656625000001 0.7573627843749999 0.5101656625000001 0.6810575640625001
0 0.57699548125 0.4876171359375 0.5348268078125 0.4876171359375 0.5348268078125 0.55823293125 0.57699548125 0.55823293125 0.57699548125 0.4876171359375
0 0.536521084375 0.47088353437499997 0.511106928125 0.47088353437499997 0.511106928125 0.5013386875 0.536521084375 0.5013386875 0.536521084375 0.47088353437499997
0 0.5028237953125 0.313587684375 0.45896084375 0.313587684375 0.45896084375 0.355756359375 0.5028237953125 0.355756359375 0.5028237953125 0.313587684375
0 0.5227786140624999 0.46285140625 0.49567018125000006 0.46285140625 0.49567018125000006 0.5076974562500001 0.5227786140624999 0.5076974562500001 0.5227786140624999 0.46285140625
0 0.39853162656249996 0.41097724218750004 0.380271084375 0.41097724218750004 0.380271084375 0.45883534062500003 0.39853162656249996 0.45883534062500003 0.39853162656249996 0.41097724218750004
0 0.4294051203125 0.5609103078125 0.410956325 0.5609103078125 0.410956325 0.6385542171874999 0.4294051203125 0.6385542171874999 0.4294051203125 0.5609103078125
0 0.286144578125 0.555890228125 0.26374247031250003 0.555890228125 0.26374247031250003 0.5876840703124999 0.286144578125 0.5876840703124999 0.286144578125 0.555890228125