0 0.6192702875 0.91772200625 0.677897334375 0.92911795 0.68870886875 0.873497421875 0.6300818234375 0.862101478125 0.6192702875 0.91772200625
0 0.080888028125 0.695442859375 0.14643005781250001 0.7081829390625 0.1567740671875 0.6549676234375 0.0912320375 0.64222754375 0.080888028125 0.695442859375
0 0.2724087125 0.689301146875 0.340355953125 0.7025087531249999 0.34830389375 0.6616201484374999 0.2803566515625 0.6484125421875 0.2724087125 0.689301146875
0 0.1813908046875 0.7418115875 0.22438397187499998 0.7501686125 0.2337929296875 0.70176371875 0.19079976406250002 0.69340669375 0.1813908046875 0.7418115875
0 0.066732875 0.5660148125 0.090784996875 0.570690071875 0.0960446640625 0.5436314359375001 0.071992540625 0.5389561765625001 0.066732875 0.5660148125
0 0.716000115625 0.5886318484374999 0.828143128125 0.6104302421875001 0.8455584671875 0.5208360921875 0.7334154546875 0.49903769843749995 0.716000115625 0.5886318484374999
0 0.6101166265625 0.5025278234375 0.639580471875 0.508255015625 0.6432037984375001 0.48961462187500004 0.6137399515624999 0.4838874296875 0.6101166265625 0.5025278234375
0 0.55539365 0.6909539265625 0.7850914046875 0.735602646875 0.8164156374999999 0.5744534359375 0.5867178828124999 0.529804715625 0.55539365 0.6909539265625
0 0.3208081703125 0.4756210140625 0.37312153124999997 0.4857897015625 0.38293957500000003 0.435280246875 0.3306262125 0.425111559375 0.3208081703125 0.4756210140625
0 0.4566926984375 0.6112382234375 0.5480907578124999 0.6290042062500001 0.5656229781250001 0.538808753125 0.47422491874999995 0.5210427703125 0.4566926984375 0.6112382234375
0 0.21613353281249997 0.49084360625 0.284080775 0.5040512125000001 0.296470209375 0.44031309218750003 0.22852296875000003 0.4271054859375 0.21613353281249997 0.49084360625
0 0.11693543125000001 0.4746815609375 0.2077321859375 0.49233066093750005 0.2226930140625 0.415363875 0.131896259375 0.3977147734375 0.11693543125000001 0.4746815609375