0 0.8145454546875 0.32231405 0.4674380171875 0.32231405 0.4674380171875 0.63239669375 0.8145454546875 0.63239669375 0.8145454546875 0.32231405
0 0 0.8171900828125 0.18214876093750001 0.8171900828125 0.18214876093750001 0.629090909375 0 0.629090909375 0 0.8171900828125
0 0.08495867812499999 0.02181818125 0.0023140500000000002 0.02181818125 0.0023140500000000002 0.1530578515625 0.08495867812499999 0.1530578515625 0.08495867812499999 0.02181818125
0 0.19768595 0.0763636359375 0.140826446875 0.0763636359375 0.140826446875 0.1137190078125 0.19768595 0.1137190078125 0.19768595 0.0763636359375
0 0.0790082640625 0.46082644687499996 0.0013223140625 0.46082644687499996 0.0013223140625 0.5940495875 0.0790082640625 0.5940495875 0.0790082640625 0.46082644687499996
0 0.887933884375 0.39272727343749997 0.8505785124999999 0.39272727343749997 0.8505785124999999 0.42578512343749997 0.887933884375 0.42578512343749997 0.887933884375 0.39272727343749997
0 0.6717355375 0.94413223125 0.644958678125 0.94413223125 0.644958678125 0.9781818187500001 0.6717355375 0.9781818187500001 0.6717355375 0.94413223125
0 0.9031404953125 0.21090909062500002 0.725619834375 0.21090909062500002 0.725619834375 0.379173553125 0.9031404953125 0.379173553125 0.9031404953125 0.21090909062500002
0 0.9983471078124999 0.57123966875 0.7348760328124999 0.57123966875 0.7348760328124999 0.7593388437499999 0.9983471078124999 0.7593388437499999 0.9983471078124999 0.57123966875
0 0.619173553125 0 0.619173553125 0.253223140625 0.99933884375 0.253223140625 0.99933884375 0 0.619173553125 0
0 0.4922314046875 0.0009917359375 0.11603305781249999 0.0009917359375 0.11603305781249999 0.062148760937500006 0.4922314046875 0.062148760937500006 0.4922314046875 0.0009917359375
0 0.17024793437500002 0.5557024796875 0.136528925 0.5557024796875 0.136528925 0.62644628125 0.17024793437500002 0.62644628125 0.17024793437500002 0.5557024796875
0 0.408595040625 0.8727272734374999 0.349090909375 0.8727272734374999 0.349090909375 0.9728925625 0.408595040625 0.9728925625 0.408595040625 0.8727272734374999
0 0.6971900828125001 0.730247934375 0.5986776859375 0.730247934375 0.5986776859375 0.8684297515624999 0.6971900828125001 0.8684297515624999 0.6971900828125001 0.730247934375
0 0.7669421484375001 0.656528925 0.684958678125 0.656528925 0.684958678125 0.7603305781249999 0.7669421484375001 0.7603305781249999 0.7669421484375001 0.656528925