0 0.26780484531250004 0.626448034375 0.6215151359375 0.69520235 0.646935309375 0.56442689375 0.29322501875 0.49567257812500004 0.26780484531250004 0.626448034375
0 0.587152228125 0.2274904296875 0.7565437625 0.2604168078125 0.7721238687499999 0.18026410937499998 0.602732334375 0.14733773125 0.587152228125 0.2274904296875
0 1 0.43099620781250003 0.9242663046875 0.41627506875 0.90692003125 0.505513903125 0.991940303125 0.5220401703124999 1 0.48057662656250005 1 0.43099620781250003
0 0.0518822140625 0.5730268875 0.16837945781250002 0.5956716578125001 0.1816257015625 0.5275256390624999 0.065128459375 0.50488086875 0.0518822140625 0.5730268875
0 0.226796196875 0.8478143046875 0.3484855171875 0.8714683125 0.369364121875 0.7640572046874999 0.24767480156250002 0.740403196875 0.226796196875 0.8478143046875
0 0.6392586046875001 0.9071093921875001 0.6950734375 0.917958696875 0.7090766109375 0.8459186187500001 0.6532617765625 0.8350693140625 0.6392586046875001 0.9071093921875001
0 0.268089259375 0.41535113125 0.3164404828125 0.4247496578125 0.325523621875 0.3780209578125 0.27717239843749997 0.36862243125 0.268089259375 0.41535113125
0 0.2397639078125 0.3566362375 0.3264067046875 0.373477890625 0.33548984375 0.326749190625 0.248847046875 0.3099075375 0.2397639078125 0.3566362375
0 0.2994476953125 0.3995568140625 0.3740838109375 0.4140646046875 0.3855638890625 0.355004721875 0.3109277734375 0.34049693125 0.2994476953125 0.3995568140625
0 0.7454315312500001 0.291596628125 0.7830740953124999 0.2989136015625 0.794680328125 0.239204709375 0.7570377640625 0.2318877359375 0.7454315312500001 0.291596628125
0 0.7016895375 1 0.7067228875 0.9741056546875001 0.672649878125 0.9674825328125 0.6663291234375001 1 0.7016895375 1
0 0.2837729171875 0.114636928125 0.3408857703125 0.1257385421875 0.3463735 0.097506621875 0.28926064687499997 0.0864050078125 0.2837729171875 0.114636928125
0 0.7780664984375 0.5117865375 0.819927625 0.5199235171875001 0.8411216156249999 0.41088988593750003 0.7992604890624999 0.4027529078125 0.7780664984375 0.5117865375