0 0.7336943296875 0.353661859375 0.236218953125 0.2748695 0.1695314953125 0.6959175296875 0.6670068734375 0.7747098890624999 0.7336943296875 0.353661859375
0 0.5506746296875 1 0.5737667921875 0.854201828125 0.39583764375 0.82602061875 0.370606278125 0.985325190625 0.463259375 1 0.5506746296875 1
0 0.8108219203125 1 0.81311165 0.9855432093750001 0.6763361812500001 0.963880103125 0.6706153515625 1 0.8108219203125 1
0 0.5852098703124999 0.7088367796874999 0.5323556328125 0.700465490625 0.5173445671875 0.7952416296875 0.5701988046875 0.8036129171875 0.5852098703124999 0.7088367796874999
0 0.743259596875 0.5883456218750001 0.6843533468749999 0.5790157890625001 0.6759854765625 0.6318484453125001 0.734891725 0.6411782781250001 0.743259596875 0.5883456218750001
0 0.1164705984375 0.3154356765625 0.0688614390625 0.3078951265625 0.0624737515625 0.348225396875 0.1100829109375 0.35576594687499996 0.1164705984375 0.3154356765625
0 0.11793981875 0.8179734515625 0.08404855312500001 0.812605603125 0.07861901875 0.8468863328125 0.11251028437499999 0.8522541828125 0.11793981875 0.8179734515625
0 0.125629821875 0.86342735 0.057040354687499996 0.8525638453125 0.0501416515625 0.8961205375000001 0.1187311203125 0.9069840421875 0.125629821875 0.86342735
0 0.1415325625 0.8204699156249999 0.11732451562499999 0.8166357375000001 0.111128459375 0.8557561015624999 0.1353365046875 0.8595902796875 0.1415325625 0.8204699156249999
0 0.0719464484375 0.44770622031249996 0.04410719375 0.44329691562500007 0.039060920312500004 0.47515783125000005 0.06690017499999999 0.47956713593750006 0.0719464484375 0.44770622031249996
0 0.5267598265625 0.1116962265625 0.4993240390625 0.107350825 0.496321825 0.12630605156250002 0.5237576125000001 0.13065145312499998 0.5267598265625 0.1116962265625