0 0.7079248359375 0.3189056765625 0.20424836562499998 0.3189056765625 0.20424836562499998 0.7452021234374999 0.7079248359375 0.7452021234374999 0.7079248359375 0.3189056765625
0 0.6282679734375 0.838301346875 0.448120915625 0.838301346875 0.448120915625 0.9995916703125 0.6282679734375 0.9995916703125 0.6282679734375 0.838301346875
0 0.8852124187499999 0.9305839125 0.7467320265625 0.9305839125 0.7467320265625 0.9995916703125 0.8852124187499999 0.9995916703125 0.8852124187499999 0.9305839125
0 0.616830065625 0.6929358921875 0.56331699375 0.6929358921875 0.56331699375 0.7888934265625 0.616830065625 0.7888934265625 0.616830065625 0.6929358921875
0 0.7540849671875 0.5492037562500001 0.6944444437499999 0.5492037562500001 0.6944444437499999 0.602694978125 0.7540849671875 0.602694978125 0.7540849671875 0.5492037562500001
0 0.0923202609375 0.3777051859375 0.044117646875 0.3777051859375 0.044117646875 0.41853817812500005 0.0923202609375 0.41853817812500005 0.0923202609375 0.3777051859375
0 0.1723856203125 0.8738260515625 0.1380718953125 0.8738260515625 0.1380718953125 0.9085340953125 0.1723856203125 0.9085340953125 0.1723856203125 0.8738260515625
0 0.187091503125 0.9175173546875 0.117647059375 0.9175173546875 0.117647059375 0.9616169859375001 0.187091503125 0.9616169859375001 0.187091503125 0.9175173546875
0 0.19607843125 0.8726010609375001 0.171568628125 0.8726010609375001 0.171568628125 0.912209065625 0.19607843125 0.912209065625 0.19607843125 0.8726010609375001
0 0.06903594843750001 0.515312371875 0.0408496734375 0.515312371875 0.0408496734375 0.5475704375 0.06903594843750001 0.5475704375 0.06903594843750001 0.515312371875
0 0.46568627500000004 0.11229073125 0.437908496875 0.11229073125 0.437908496875 0.13148223750000002 0.46568627500000004 0.13148223750000002 0.46568627500000004 0.11229073125