0 0.6801211515625 0.43517253125 0.5785442859375001 0.45676336093750003 0.6107972546875 0.60850164375 0.71237411875 0.5869108140625 0.6801211515625 0.43517253125
0 1 0.8822825609375 0.9828574953125001 0.8859263140625 0.987322265625 0.90693140625 1 0.9042366703125 1 0.8822825609375
0 0.480468434375 0.4323911171875 0.45319316406250004 0.4381886546875 0.4615895984375 0.47769076874999994 0.48886486875 0.47189323125 0.480468434375 0.4323911171875
0 0.46747228593749995 0.41287175156249994 0.448426625 0.41692003125 0.450625690625 0.4272658234375 0.469671353125 0.42321754375 0.46747228593749995 0.41287175156249994
0 0.529709609375 0.3622880484375 0.5106639453125 0.366336328125 0.5151287156250001 0.38734142031249996 0.5341743796875 0.3832931390625 0.529709609375 0.3622880484375
0 0.5549380625 0.3352991375 0.50509015625 0.3458946375 0.511087609375 0.374110434375 0.560935515625 0.36351493437500004 0.5549380625 0.3352991375
0 0.6182200359375 0.180948634375 0.5937663453125 0.1861464265625 0.5968317109375 0.2005678328125 0.6212854 0.19537004062500002 0.6182200359375 0.180948634375
0 0.62812578125 0.30270359999999996 0.6173097249999999 0.3050026234375 0.6205750046875 0.32036455625000004 0.6313910609375 0.3180655328125 0.62812578125 0.30270359999999996
0 0.6792729046875 0.257753921875 0.666105534375 0.2605527328125 0.6698372828125 0.27810922968749996 0.683004653125 0.2753104171875 0.6792729046875 0.257753921875
0 0.66097239375 0.054881984375000005 0.5911382984375 0.0697256796875 0.620592453125 0.2082965890625 0.69042655 0.19345289375000002 0.66097239375 0.054881984375000005
0 0.5070833859375 0.3182740828125 0.49556193437499996 0.3207230421875 0.49722789375 0.3285607640625 0.50874934375 0.326111803125 0.5070833859375 0.3182740828125