0 0.6274380171875 0.36528925624999997 0.5798347109375 0.36528925624999997 0.5798347109375 0.40231405000000003 0.6274380171875 0.40231405000000003 0.6274380171875 0.36528925624999997
0 0.7695867765625 0.392066115625 0.690909090625 0.392066115625 0.690909090625 0.4105785125 0.7695867765625 0.4105785125 0.7695867765625 0.392066115625
0 0.6076033062499999 0.43206611562499997 0.5537190078124999 0.43206611562499997 0.5537190078124999 0.4552066109375 0.6076033062499999 0.4552066109375 0.6076033062499999 0.43206611562499997
0 0.6684297515625001 0.4552066109375 0.6231404953124999 0.4552066109375 0.6231404953124999 0.4740495875 0.6684297515625001 0.4740495875 0.6684297515625001 0.4552066109375
0 0.7087603312499999 0.45256198281250004 0.68528925625 0.45256198281250004 0.68528925625 0.46280991718750003 0.7087603312499999 0.46280991718750003 0.7087603312499999 0.45256198281250004
0 0.6919008265625 0.6066115703125 0.6528925625 0.6066115703125 0.6528925625 0.6489256203125 0.6919008265625 0.6489256203125 0.6919008265625 0.6066115703125
0 0.5348760328125 0.5887603312499999 0.506776859375 0.5887603312499999 0.506776859375 0.6419834703125 0.5348760328125 0.6419834703125 0.5348760328125 0.5887603312499999
0 0.5705785125 0.8505785124999999 0.4919008265625 0.8505785124999999 0.4919008265625 0.8948760328124999 0.5705785125 0.8948760328124999 0.5705785125 0.8505785124999999
0 0.2380165296875 0.600330578125 0.179173553125 0.600330578125 0.179173553125 0.6280991734375 0.2380165296875 0.6280991734375 0.2380165296875 0.600330578125
0 0.1590082640625 0.48694214843749994 0.12892562031250002 0.48694214843749994 0.12892562031250002 0.549090909375 0.1590082640625 0.549090909375 0.1590082640625 0.48694214843749994
0 0.0390082640625 0.3474380171875 0.0036363640625 0.3474380171875 0.0036363640625 0.3662809921875 0.0390082640625 0.3662809921875 0.0390082640625 0.3474380171875
0 0.8462809921875 0.9004958671875001 0.7973553718749999 0.9004958671875001 0.7973553718749999 0.9345454546875 0.8462809921875 0.9345454546875 0.8462809921875 0.9004958671875001
0 0.890247934375 0.4231404953125 0.7877685953125 0.4231404953125 0.7877685953125 0.556694215625 0.890247934375 0.556694215625 0.890247934375 0.4231404953125
0 0.37685950468749996 0.4224793390625 0.34181818124999996 0.4224793390625 0.34181818124999996 0.43438016562500004 0.37685950468749996 0.43438016562500004 0.37685950468749996 0.4224793390625