0 0.69084571875 0.69690318125 0.4850201078125 0.6493845953124999 0.45601815468750007 0.775005859375 0.661843765625 0.8225244453125 0.69084571875 0.69690318125
0 0.4873048875 0.593931853125 0.33623726249999997 0.5590551453125 0.29102395937500003 0.754895475 0.44209158437499996 0.7897721843750001 0.4873048875 0.593931853125
0 0.7115448 0.5954891515625 0.46513385781250005 0.538600703125 0.43003405624999996 0.6906346437499999 0.676445 0.7475230921875 0.7115448 0.5954891515625
0 0.6409095859375 0.5252371484375 0.3542354203125 0.45905320312500003 0.33304168437500004 0.55085335625 0.6197158515625001 0.6170373031249999 0.6409095859375 0.5252371484375
0 0.7250380328125 0.445930971875 0.45704600156249997 0.3840601375 0.43659590625 0.472639234375 0.7045879359375 0.53451006875 0.7250380328125 0.445930971875
0 0.4238937546875 0.377763434375 0.1397964328125 0.3121744 0.09198039062499999 0.5192884328125 0.3760777125 0.5848774671875 0.4238937546875 0.377763434375
0 0.39951667031250004 0.0674674109375 0.2941880703125 0.0431503890625 0.22681430156250001 0.3349782484375 0.3321429 0.359295271875 0.39951667031250004 0.0674674109375
0 0.41848548750000003 0 0.38786492968749997 0.13263221249999999 0.46452611250000003 0.150330840625 0.499232721875 0 0.41848548750000003 0
0 0.5307852109375 0 0.497530875 0.14404035312500002 0.7603692125 0.2047213640625 0.7948741015625 0.055264270312499995 0.5554982453124999 0 0.5307852109375 0
0 0.7742748640625 0.148898046875 0.5111144203125 0.0881426703125 0.48159191874999996 0.21601867656249998 0.7447523625 0.276774053125 0.7742748640625 0.148898046875
0 0.7606148828125 0.22717017187500002 0.39019320468749996 0.141651590625 0.3511521140625 0.3107571375 0.721573790625 0.39627572031249997 0.7606148828125 0.22717017187500002
0 0.66545881875 0.32191194843750004 0.3826499203125 0.25662037031249996 0.35773798437500004 0.364525815625 0.640546884375 0.42981739374999994 0.66545881875 0.32191194843750004