0 0.2259615390625 0.541346153125 0.0978365390625 0.541346153125 0.0978365390625 0.7852564109375 0.2259615390625 0.7852564109375 0.2259615390625 0.541346153125
0 0.380528846875 0.6958333328124999 0.346875 0.6958333328124999 0.346875 0.7429487171875 0.380528846875 0.7429487171875 0.380528846875 0.6958333328124999
0 0.42427884687499995 0.8355769234375 0.39326923125 0.8355769234375 0.39326923125 0.9057692312500001 0.42427884687499995 0.9057692312500001 0.42427884687499995 0.8355769234375
0 0.428125 0.5932692312500001 0.33942307656250004 0.5932692312500001 0.33942307656250004 0.7198717953125 0.428125 0.7198717953125 0.428125 0.5932692312500001
0 0.3771634609375 0.34807692343749996 0.26610576875 0.34807692343749996 0.26610576875 0.615064103125 0.3771634609375 0.615064103125 0.3771634609375 0.34807692343749996
0 0.527884615625 0.5612179484375 0.4733173078125 0.5612179484375 0.4733173078125 0.6282051281250001 0.527884615625 0.6282051281250001 0.527884615625 0.5612179484375
0 0.6175480765625 0.5483974359375 0.577884615625 0.5483974359375 0.577884615625 0.6012820515625 0.6175480765625 0.6012820515625 0.6175480765625 0.5483974359375
0 0.8353365390624999 0.5362179484375 0.73076923125 0.5362179484375 0.73076923125 0.6621794875 0.8353365390624999 0.6621794875 0.8353365390624999 0.5362179484375
0 0.806009615625 0.813141025 0.7415865390625 0.813141025 0.7415865390625 0.9134615390624999 0.806009615625 0.9134615390624999 0.806009615625 0.813141025
0 0.5716346156250001 0.3355769234375 0.5064903843749999 0.3355769234375 0.5064903843749999 0.41923076875 0.5716346156250001 0.41923076875 0.5716346156250001 0.3355769234375
0 0.6980769234374999 0.3490384609375 0.65625 0.3490384609375 0.65625 0.39743589687499997 0.6980769234374999 0.39743589687499997 0.6980769234374999 0.3490384609375
0 0.731490384375 0.409935896875 0.658653846875 0.409935896875 0.658653846875 0.515384615625 0.731490384375 0.515384615625 0.731490384375 0.409935896875
0 0.5112980765625 0.17628205156250001 0.4322115390625 0.17628205156250001 0.4322115390625 0.29326923125 0.5112980765625 0.29326923125 0.5112980765625 0.17628205156250001
0 0.5480769234375 0.7352564109374999 0.509615384375 0.7352564109374999 0.509615384375 0.7766025640625001 0.5480769234375 0.7766025640625001 0.5480769234375 0.7352564109374999