0 0.1998552390625 0.6256560921875 0.44441288281249997 0.5956281890625 0.3963682375 0.20433595625 0.15181059375 0.234363859375 0.1998552390625 0.6256560921875
0 0.3247731625 0.6765166609375 0.422596221875 0.6645055 0.4116592296875 0.5754308453125 0.3138361703125 0.5874420078125 0.3247731625 0.6765166609375
0 0.513055071875 0.8390774437499999 0.628772590625 0.82486911875 0.6074845171875001 0.6514916671875 0.49176699687500003 0.6656999921875 0.513055071875 0.8390774437499999
0 0.67832845 0.705762490625 0.7642218671875 0.6952161046875001 0.75449575625 0.6160032875 0.6686023390625 0.6265496734375 0.67832845 0.705762490625
0 0.7617550296875 0.56861150625 0.852181709375 0.55750850625 0.8402682 0.46048075624999996 0.7498415203125 0.47158375625 0.7617550296875 0.56861150625
0 0.5786931265625 0.5826927671875 0.6197310921875 0.5776539390625001 0.6012163265625 0.426863271875 0.5601783609375001 0.4319021 0.5786931265625 0.5826927671875
0 0.504779875 0.6414978234375 0.5353197578125 0.6377479984375001 0.5303981109375 0.597664403125 0.499858228125 0.601414228125 0.504779875 0.6414978234375
0 0.47534725624999996 0.3564213796875 0.5691142359375 0.3449082421875 0.5420451796875 0.12444847187500001 0.44827820156250003 0.135961609375 0.47534725624999996 0.3564213796875
0 0.5413023703125 0.3373438359375 0.592361234375 0.331074596875 0.58650213125 0.28335603125 0.5354432671875 0.289625271875 0.5413023703125 0.3373438359375
0 0.6912030953125 0.3076361484375 0.741307590625 0.301484090625 0.7354875468750001 0.25408364843750003 0.685383053125 0.26023570625 0.6912030953125 0.3076361484375
0 0.479938575 0 0.45353714062500006 0.0032416890625 0.4603727609375 0.0589133484375 0.49974057812500006 0.054079587500000005 0.49310043906249995 0 0.479938575 0