0 0.574759615625 0.6746794875 0.5360576921875 0.6746794875 0.5360576921875 0.73173076875 0.574759615625 0.73173076875 0.574759615625 0.6746794875
0 0.6266826921875001 0.5455128203124999 0.52764423125 0.5455128203124999 0.52764423125 0.6375 0.6266826921875001 0.6375 0.6266826921875001 0.5455128203124999
0 0.49110576874999995 0.44423076874999995 0.030528846874999998 0.44423076874999995 0.030528846874999998 0.8269230765625 0.49110576874999995 0.8269230765625 0.49110576874999995 0.44423076874999995
0 0.928365384375 0.452564103125 0.8168269234375 0.452564103125 0.8168269234375 0.6179487171875 0.928365384375 0.6179487171875 0.928365384375 0.452564103125
0 0.8548076921875 0.24583333281250003 0.6985576921875001 0.24583333281250003 0.6985576921875001 0.4121794875 0.8548076921875 0.4121794875 0.8548076921875 0.24583333281250003
0 0.705528846875 0.4884615390625 0.646153846875 0.4884615390625 0.646153846875 0.5496794875 0.705528846875 0.5496794875 0.705528846875 0.4884615390625
0 0.761778846875 0.43589743593749997 0.6740384609375 0.43589743593749997 0.6740384609375 0.48044871718750004 0.761778846875 0.48044871718750004 0.761778846875 0.43589743593749997
0 0.6105769234375 0.43910256406250003 0.577884615625 0.43910256406250003 0.577884615625 0.5083333328124999 0.6105769234375 0.5083333328124999 0.6105769234375 0.43910256406250003
0 0.724278846875 0.40448717968750003 0.6889423078125 0.40448717968750003 0.6889423078125 0.4378205125 0.724278846875 0.4378205125 0.724278846875 0.40448717968750003
0 0.48197115312500005 0.36987179531250003 0.427884615625 0.36987179531250003 0.427884615625 0.42852564062500004 0.48197115312500005 0.42852564062500004 0.48197115312500005 0.36987179531250003
0 0.5677884609375 0.30608974375 0.43125 0.30608974375 0.43125 0.39038461562500004 0.5677884609375 0.39038461562500004 0.5677884609375 0.30608974375