0 0.46401274062500003 0.6609349078125 0.22510682499999998 0.6567647890625 0.2219351859375 0.83846788125 0.4608411015625 0.842638 0.46401274062500003 0.6609349078125
0 0.57408453125 0.8148024390625 0.48707855312500004 0.8132837437499999 0.4851655015625 0.9228824328125 0.572171478125 0.924401128125 0.57408453125 0.8148024390625
0 0.5086449328125 0.6520971171875 0.479322475 0.651585290625 0.47865682343750005 0.6897205093750001 0.5079792796875 0.690232334375 0.5086449328125 0.6520971171875
0 0.49153783906250004 0.4751690453125 0.42976840312500003 0.47409085624999997 0.427564478125 0.600353675 0.4893339140625 0.6014318640625 0.49153783906250004 0.4751690453125
0 0.45479383906250004 0.37643581406250004 0.32813044062499996 0.37422489531249997 0.3262117953125 0.48414405 0.4528751921875 0.48635496875 0.45479383906250004 0.37643581406250004
0 0.158403775 0.51134774375 0.10047990468750001 0.5103366796875 0.0980466359375 0.649738521875 0.15597050625 0.6507495859375 0.158403775 0.51134774375
0 0.9139731281250001 0.17127732499999998 0.560421215625 0.16510605312499999 0.554631715625 0.49678629843750005 0.908183628125 0.5029575703125 0.9139731281250001 0.17127732499999998
0 0.49162015625000005 0.1674313046875 0.43177350312499996 0.1663866765625 0.4296702640625 0.2868811421875 0.48951691718749996 0.2879257703125 0.49162015625000005 0.1674313046875
0 0.5758718859374999 0.0650399515625 0.5311671578125 0.064259628125 0.53010994375 0.124827325 0.5748146734375 0.12560765000000002 0.5758718859374999 0.0650399515625
0 0.2655998921875 0.44429810625000005 0.2329125640625 0.44372754687500005 0.232515409375 0.4664804921875 0.26520273906249997 0.4670510515625 0.2655998921875 0.44429810625000005
0 0.6745191640625 0.611716640625 0.6177970359375 0.610726553125 0.6166223546875 0.67802399375 0.6733444828125 0.6790140828125 0.6745191640625 0.611716640625
0 0.6066064140625 0.6457930000000001 0.5854557890625001 0.6454238140624999 0.584957946875 0.6739451109375 0.606108571875 0.6743142953125 0.6066064140625 0.6457930000000001
0 0.43820746093749996 0.5553402562499999 0.3896571640625 0.5544928078125 0.3888796359375 0.5990373046874999 0.4374299328125 0.599884753125 0.43820746093749996 0.5553402562499999
0 0.552784925 0.24447205 0.45424224375 0.24275198125 0.450231546875 0.472524671875 0.548774228125 0.474244740625 0.552784925 0.24447205
0 0.0561995703125 0.54033768125 0.036731382812500005 0.5399978625 0.0362671046875 0.566596375 0.055735292187499993 0.5669361937499999 0.0561995703125 0.54033768125
0 0.2289426609375 0.5471996625 0.2080323859375 0.546834671875 0.2073555453125 0.5856108171875001 0.2282658203125 0.5859758078125 0.2289426609375 0.5471996625
0 0.26762695625 0.5898684750000001 0.22220118281249998 0.589075565625 0.22133415625000002 0.6387474859375 0.2667599296875 0.6395403953125001 0.26762695625 0.5898684750000001
0 0.2967978375 0.6403852703124999 0.273003384375 0.6399699375 0.2719182015625 0.7021399546875 0.29571265625 0.7025552875 0.2967978375 0.6403852703124999
0 0.8332680874999999 0.8969024203125 0.8013018015625001 0.8963444468749999 0.8002669640625 0.9556302890625 0.8322332484375 0.9561882625000001 0.8332680874999999 0.8969024203125