0 0.6516826921875001 0.128846153125 0.55625 0.128846153125 0.55625 0.30256410312500004 0.6516826921875001 0.30256410312500004 0.6516826921875001 0.128846153125
0 0.893509615625 0.0035256406249999997 0.8540865390624999 0.0035256406249999997 0.8540865390624999 0.054166667187499996 0.893509615625 0.054166667187499996 0.893509615625 0.0035256406249999997
0 0.90985576875 0.3304487171875 0.8290865390625 0.3304487171875 0.8290865390625 0.4141025640625 0.90985576875 0.4141025640625 0.90985576875 0.3304487171875
0 0.8579326921874999 0.5826923078124999 0.7725961531250001 0.5826923078124999 0.7725961531250001 0.63108974375 0.8579326921874999 0.63108974375 0.8579326921874999 0.5826923078124999
0 0.552884615625 0.7230769234375 0.37788461562500003 0.7230769234375 0.37788461562500003 0.977884615625 0.552884615625 0.977884615625 0.552884615625 0.7230769234375
0 0.5050480765625001 0.2487179484375 0.3141826921875 0.2487179484375 0.3141826921875 0.5314102562499999 0.5050480765625001 0.5314102562499999 0.5050480765625001 0.2487179484375
0 0.3423076921875 0.036858975 0.29639423125 0.036858975 0.29639423125 0.18653846093749998 0.3423076921875 0.18653846093749998 0.3423076921875 0.036858975
0 0.29951923125 0.5878205125 0.20576923125 0.5878205125 0.20576923125 0.715064103125 0.29951923125 0.715064103125 0.29951923125 0.5878205125
0 0.5764423078124999 0.528846153125 0.453125 0.528846153125 0.453125 0.9996794875000001 0.5764423078124999 0.9996794875000001 0.5764423078124999 0.528846153125
0 0.5987980765625001 0.4916666671875 0.5701923078125 0.4916666671875 0.5701923078125 0.5339743593749999 0.5987980765625001 0.5339743593749999 0.5987980765625001 0.4916666671875
0 0.228125 0.0862179484375 0.1824519234375 0.0862179484375 0.1824519234375 0.141025640625 0.228125 0.141025640625 0.228125 0.0862179484375
0 0.41875 0.5358974359374999 0.30576923125 0.5358974359374999 0.30576923125 0.671794871875 0.41875 0.671794871875 0.41875 0.5358974359374999
0 0.61826923125 0.5448717953125 0.5302884609375 0.5448717953125 0.5302884609375 0.6560897437500001 0.61826923125 0.6560897437500001 0.61826923125 0.5448717953125
0 0.33918269218749997 0.8897435890625 0.32548076875 0.8897435890625 0.32548076875 0.999358975 0.33918269218749997 0.999358975 0.33918269218749997 0.8897435890625