0 0.5745542593749999 0.730452390625 0.34311921875 0.7588690406249999 0.3615949234375 0.9093415828125 0.5930299640625 0.8809249328125001 0.5745542593749999 0.730452390625
0 0.5885513296875 0.6195868703125 0.47617410781249997 0.6333850578125 0.49101716875 0.7542720890625 0.603394390625 0.7404739015625 0.5885513296875 0.6195868703125
0 0.6005120125000001 0.47635648281250004 0.45282305312500004 0.4944904078125 0.47360333906249996 0.6637322515624999 0.6212922984375 0.6455983265625 0.6005120125000001 0.47635648281250004
0 0.566549575 0.09915824375 0.3527704046875 0.1254070265625 0.385776684375 0.3942216078125 0.5995558562500001 0.3679728265625 0.566549575 0.09915824375
0 0.6111965984375 0.2438339921875 0.5513097984375 0.2511871671875 0.5664262843750001 0.3743010640625 0.626313084375 0.366947890625 0.6111965984375 0.2438339921875
0 0.76400529375 0.3936355875 0.6630805296875 0.40602759062500005 0.6766736484375 0.5167346609375 0.7775984140625 0.5043426578125 0.76400529375 0.3936355875
0 0.34381050156250004 0.4784897625 0.2521908578125 0.4897392390625 0.2629325453125 0.5772232765624999 0.354552190625 0.5659737984375 0.34381050156250004 0.4784897625
0 0.773345684375 0.2487894140625 0.7303989765625001 0.2540626078125 0.7382111140625 0.3176873609375 0.781157821875 0.3124141671875 0.773345684375 0.2487894140625
0 0.30425950468749996 0.3121985109375 0.2842177078125 0.31465933437500004 0.2901158703125 0.36269602343749996 0.31015766875 0.36023520000000003 0.30425950468749996 0.3121985109375
0 0.2295444609375 0.5380515625 0.0966482578125 0.5543691640625 0.102546421875 0.602405853125 0.235442625 0.58608825 0.2295444609375 0.5380515625
0 0.332926603125 0.6383797671875 0.1947813578125 0.6553418703125 0.20853072031250003 0.7673214359375 0.34667596562499997 0.7503593328125 0.332926603125 0.6383797671875
0 0.3562786609375 0.7950348828125 0.3128547671875 0.8003666671874999 0.31890917343749997 0.8496758515625 0.36233306875000004 0.8443440671875001 0.3562786609375 0.7950348828125