0 0.46899038437499996 0.4365384609375 0.396875 0.4365384609375 0.396875 0.5820512828125 0.46899038437499996 0.5820512828125 0.46899038437499996 0.4365384609375
0 0.37764423125 0.088141025 0.2826923078125 0.088141025 0.2826923078125 0.266025640625 0.37764423125 0.266025640625 0.37764423125 0.088141025
0 0.381490384375 0.24615384687500003 0.3322115390625 0.24615384687500003 0.3322115390625 0.27692307656250004 0.381490384375 0.27692307656250004 0.381490384375 0.24615384687500003
0 0.806971153125 0.47083333281249995 0.6889423078125 0.47083333281249995 0.6889423078125 0.6291666671875 0.806971153125 0.6291666671875 0.806971153125 0.47083333281249995
0 0.743990384375 0.45480769218750006 0.6245192312500001 0.45480769218750006 0.6245192312500001 0.558974359375 0.743990384375 0.558974359375 0.743990384375 0.45480769218750006
0 0.8807692312500001 0.8320512828125001 0.8358173078125001 0.8320512828125001 0.8358173078125001 0.8769230765625 0.8807692312500001 0.8769230765625 0.8807692312500001 0.8320512828125001
0 0.9617788468749999 0.1141025640625 0.9177884609375001 0.1141025640625 0.9177884609375001 0.175641025 0.9617788468749999 0.175641025 0.9617788468749999 0.1141025640625
0 0.4387019234375 0.0375 0.375 0.0375 0.375 0.1179487171875 0.4387019234375 0.1179487171875 0.4387019234375 0.0375
0 0.20697115312499997 0.515705128125 0.189903846875 0.515705128125 0.189903846875 0.5451923078124999 0.20697115312499997 0.5451923078124999 0.20697115312499997 0.515705128125
0 0.6759615390625 0.3105769234375 0.643028846875 0.3105769234375 0.643028846875 0.35801282031250004 0.6759615390625 0.35801282031250004 0.6759615390625 0.3105769234375
0 0.09951923124999999 0.76858974375 0.07548076875000001 0.76858974375 0.07548076875000001 0.796794871875 0.09951923124999999 0.796794871875 0.09951923124999999 0.76858974375
0 0.514903846875 0.152564103125 0.48725961562500003 0.152564103125 0.48725961562500003 0.196474359375 0.514903846875 0.196474359375 0.514903846875 0.152564103125
0 0.4862980765625 0.5208333328125 0.4615384609375 0.5208333328125 0.4615384609375 0.6759615390625 0.4862980765625 0.6759615390625 0.4862980765625 0.5208333328125
0 0.565384615625 0.533653846875 0.543028846875 0.533653846875 0.543028846875 0.5673076921875 0.565384615625 0.5673076921875 0.565384615625 0.533653846875