0 0.46377161874999995 0.2551255546875 0.279437665625 0.21256870781249998 0.2433878171875 0.36871775625000003 0.4277217703125 0.41127460156250006 0.46377161874999995 0.2551255546875
0 0.2587418390625 0.33640765625 0.2203291734375 0.32753939375 0.18802850937499999 0.4674489421875 0.226441175 0.4763172046875 0.2587418390625 0.33640765625
0 0 0.602326584375 0.09226836875 0.623628415625 0.1176474625 0.5136994859375 0.0019410171875 0.48698654843750006 0 0.4953940171875 0 0.602326584375
0 0.2351129171875 0.6118703453125 0.1353336734375 0.5888344921875001 0.10022112187500001 0.740923665625 0.20000036406250002 0.76395951875 0.2351129171875 0.6118703453125
0 0.56185214375 0.5238190578124999 0.3229441 0.46866278906250003 0.2933832234375 0.596705009375 0.53229126875 0.6518612781249999 0.56185214375 0.5238190578124999
0 0.778964603125 0.1348036796875 0.6218005859375 0.09851950781249999 0.5578481546875 0.37552792031250004 0.715012171875 0.4118120921875 0.778964603125 0.1348036796875
0 0.7789922625 0.41572792031250005 0.62393625625 0.3799304203125 0.5782971484375 0.5776151171875 0.7333531546875001 0.6134126156249999 0.7789922625 0.41572792031250005
0 0.9725374531250001 0.4130434671875 0.7821136875 0.3690806765625 0.738421271875 0.5583333234375 0.9288450359375 0.6022961140625 0.9725374531250001 0.4130434671875
0 0.9936560812499999 0.5833777296875 0.8877870250000001 0.5589359328125 0.8494299859375 0.7250785203125 0.9552990421875001 0.7495203171875 0.9936560812499999 0.5833777296875
0 0.7109579609375001 0.79804275 0.5289662453124999 0.7560266515625 0.501928859375 0.8731384375 0.6839205749999999 0.9151545359375 0.7109579609375001 0.79804275
0 0.8470395109375 0.27913696718750003 0.8126086453125 0.271187975 0.801793690625 0.318032690625 0.83622455625 0.3259816828125 0.8470395109375 0.27913696718750003