0 0.4331469421875 0.5991526515625 0.5253428453125 0.5910865546874999 0.513330996875 0.453790490625 0.42113509374999997 0.46185658749999997 0.4331469421875 0.5991526515625
0 0.39425389375000003 0.5269471265625 0.42777967656250004 0.5240140015625 0.424176121875 0.48282518281250003 0.3906503390625 0.48575830781249996 0.39425389375000003 0.5269471265625
0 0.2580556703125 0.51473264375 0.454420971875 0.49755290625 0.433889090625 0.2628724234375 0.2375237890625 0.2800521609375 0.2580556703125 0.51473264375
0 0.17208859062499998 0.29060305625 0.21160112031249997 0.28714615781249997 0.20710366093750002 0.23573995781249998 0.16759113125 0.23919685624999998 0.17208859062499998 0.29060305625
0 0.11637185937500001 0.30191238125000003 0.154687040625 0.2985602375 0.1503571875 0.24906979687500003 0.11204200625 0.252421940625 0.11637185937500001 0.30191238125000003
0 0.203095921875 0.645018478125 0.26416074218749996 0.6396759984375 0.2560597265625 0.547080978125 0.1949949078125 0.5524234578125 0.203095921875 0.645018478125
0 0.541303884375 0.9114272734375 0.64667063125 0.902208878125 0.6349381281250001 0.76810574375 0.5295713796875 0.7773241390625001 0.541303884375 0.9114272734375
0 0.667586434375 0.7137714484375 0.7609796875 0.705600596875 0.745476021875 0.5283928859375 0.6520827687499999 0.5365637375000001 0.667586434375 0.7137714484375
0 0.5809220765625 0.385138296875 0.6312107499999999 0.380738609375 0.6242271171875 0.300915315625 0.5739384421875 0.3053150046875 0.5809220765625 0.385138296875
0 0.45536249843750004 0.177342090625 0.5080458703125 0.17273289375 0.5049730718750001 0.13761064375 0.4522897 0.1422198421875 0.45536249843750004 0.177342090625
0 0.5113734078125 0.6244824359375001 0.547533359375 0.62131885 0.544656103125 0.588431653125 0.50849615 0.5915952390625 0.5113734078125 0.6244824359375001