0 0.497185675 0.363686953125 0.16190563593750001 0.45352496875000003 0.24216092968749997 0.7530418015625 0.5774409687500001 0.6632037875 0.497185675 0.363686953125
0 0.900868078125 0.06420838437500001 0.7249258859375 0.11135195312499999 0.773609534375 0.293041803125 0.9495517265625001 0.24589823437499997 0.900868078125 0.06420838437500001
0 0.9469118890624999 0.78015783125 0.8919898265624999 0.794874153125 0.9016581078125 0.830956671875 0.9565801703125001 0.8162403484375 0.9469118890624999 0.78015783125
0 0.95734383125 0.2800877921875 0.8823049656249999 0.30019439531250003 0.9167856515624999 0.4288780671875 0.9918245171875 0.40877146406250003 0.95734383125 0.2800877921875
0 0.180575384375 0.6624224625 0.14449286562500002 0.67209074375 0.1530488671875 0.704022175 0.1891313859375 0.6943538921875 0.180575384375 0.6624224625
0 0.2362181078125 0.0756298984375 0.21035364687500002 0.082560259375 0.2191663296875 0.11544963593749999 0.2450307890625 0.10851927343750001 0.2362181078125 0.0756298984375
0 0.3133401609375 0.6751040953125 0.1418683703125 0.7210498234375 0.18541841718750002 0.8835808140625 0.35689020781249997 0.8376350859375 0.3133401609375 0.6751040953125
0 0 0.5594399640625001 0.000195475 0.5601694859374999 0.254688990625 0.4919781546875 0.20600534218750002 0.310288303125 0 0.36548726875000004 0 0.5594399640625001
0 0.5105970546874999 1 0.4487577390625 0.7692125265625 0.081546265625 0.86760654375 0.11702098593750002 1 0.5105970546874999 1
0 1 0.8824910609375 0.984207825 0.8235538625000001 0.6208281265625 0.920921159375 0.6366567296875 0.9799943093750001 1 0.8826367734374999 1 0.8824910609375
0 0.8183593921875 0.28378903437499997 0.78578933125 0.29251615625 0.8040991734375 0.360849421875 0.8366692359375 0.3521223 0.8183593921875 0.28378903437499997
0 0.5233733859374999 0.0041627140625000005 0.46589680937500005 0.0195635171875 0.49182149375 0.11631575624999999 0.5492980703125 0.10091495312500001 0.5233733859374999 0.0041627140625000005
0 0.3093280375 0.1696638515625 0.21417237031249997 0.19516073750000001 0.24993645625 0.3286341234375 0.3450921234375 0.3031372375 0.3093280375 0.1696638515625
0 0.253965125 0.2964108 0.1747751734375 0.3176296828125 0.2016410171875 0.41789438125 0.28083096875 0.39667549687500003 0.253965125 0.2964108