0 0.285053184375 0.41609557500000005 0.23630058125 0.40394018593750003 0.21772161093750003 0.478456359375 0.266474215625 0.4906117484375 0.285053184375 0.41609557500000005
0 0.552570275 0.125785125 0.5228430765625001 0.11837330312500001 0.5061417687499999 0.1853585890625 0.5358689671875 0.1927704109375 0.552570275 0.125785125
0 0.46483720625 0.3573542 0.408058259375 0.3431976171875 0.3917522484375 0.40859745312499995 0.44853119531249996 0.42275403437500003 0.46483720625 0.3573542
0 0.5545129203125 0.37760785625 0.5227048187500001 0.3696772046875 0.5034340796875 0.44696791874999997 0.53524218125 0.45489856875 0.5545129203125 0.37760785625
0 0.5746973093750001 0.491679984375 0.5497264640624999 0.48545405312499995 0.530752196875 0.561555678125 0.55572304375 0.567781609375 0.5746973093750001 0.491679984375
0 0.65686876875 0.5521628484375001 0.6354651875 0.5468263359375001 0.6173803390625 0.6193606968750001 0.638783921875 0.6246972093750001 0.65686876875 0.5521628484375001
0 0.6938666140625 0.4632939109375 0.6733548500000001 0.45817975312500003 0.6534911640625001 0.5378486421875001 0.6740029296875 0.5429628 0.6938666140625 0.4632939109375
0 0.7361484953125 0.4266837109375 0.7073131125 0.4194942421875 0.6885364953125 0.4948031421875 0.7173718765625 0.5019926109374999 0.7361484953125 0.4266837109375
0 0.737089853125 0.5052248453125 0.695174503125 0.494774175 0.6763978859375 0.570083075 0.7183132343749999 0.5805337453125 0.737089853125 0.5052248453125
0 0.7737131749999999 0.45078471875000004 0.723771484375 0.43833285625 0.7079595953125 0.5017508765625001 0.7579012875 0.5142027390624999 0.7737131749999999 0.45078471875000004
0 0.5596344640625001 0.4862403859375 0.51861093125 0.4760120703125 0.4993401921875 0.5533027828125 0.540363725 0.5635310984374999 0.5596344640625001 0.4862403859375
0 0.55146934375 0.42147525 0.5059867312499999 0.4101351609375 0.4911630859375 0.46958955625 0.5366456984375 0.48092964531250004 0.55146934375 0.42147525
0 0.5955444437499999 0.40046823125 0.5456027515625 0.38801636875 0.53077910625 0.44747076406249997 0.5807207984375 0.4599226265625 0.5955444437499999 0.40046823125
0 0.668272459375 0.4114443234375 0.5998999046875 0.3943971296875 0.577960909375 0.48238963593750006 0.6463334640625 0.499436828125 0.668272459375 0.4114443234375
0 0.6230650046874999 0.521842503125 0.5707451375 0.5087976953125 0.5621474234375 0.5432812453125 0.614467290625 0.556326053125 0.6230650046874999 0.521842503125
0 0.6175961062499999 0.49058779062499996 0.5834098296875 0.48206419375 0.574713290625 0.51694410625 0.6088995671874999 0.5254677015625 0.6175961062499999 0.49058779062499996