0 0.462413990625 0.3395130921875 0.40413553437500005 0.3364588484375 0.393941584375 0.5309710265625001 0.45222003906249997 0.5340252703124999 0.462413990625 0.3395130921875
0 0.5671212578125 0.47100993906250005 0.517302578125 0.468399053125 0.5115750484375 0.5776868234375 0.5613937296875 0.5802977109375 0.5671212578125 0.47100993906250005
0 0.519182528125 0.4684975765625 0.48703538125 0.4668128171875 0.481202759375 0.5781058671875 0.51334990625 0.5797906265625 0.519182528125 0.4684975765625
0 0.497961178125 0.57127611875 0.4336668828125 0.567906596875 0.4275890453125 0.683878634375 0.4918833421875 0.6872481546875 0.497961178125 0.57127611875
0 0.4244036609375 0.6619281609375001 0.413123959375 0.661337015625 0.41203800625 0.6820582453124999 0.4233177078125 0.6826493890625 0.4244036609375 0.6619281609375001
0 0.5594494203125 0.72530766875 0.55098964375 0.7248643109375 0.5495533828125 0.75226980625 0.558013159375 0.752713165625 0.5594494203125 0.72530766875
0 0.49880761875 0.69900550625 0.49354375937499995 0.6987296390625 0.49216004375000005 0.7251324953125 0.4974239046875 0.7254083625 0.49880761875 0.69900550625
0 0.18723197187500001 0.8710203125 0.179712171875 0.8706262171875 0.1786962796875 0.8900105921874999 0.1862160796875 0.8904046890625 0.18723197187500001 0.8710203125
0 0.20447029374999998 0.876615575 0.1990184390625 0.8763298546874999 0.19800254687500002 0.8957142296875 0.2034544015625 0.8959999484375001 0.20447029374999998 0.876615575
0 0.3479443921875 0.843918975 0.3443724875 0.8437317796875 0.3431639265625 0.866792503125 0.34673583125 0.8669796984374999 0.3479443921875 0.843918975
0 0.555734875 0.9184837609375001 0.5484030703125 0.9180995187500001 0.5470193546875 0.9445023750000001 0.5543511609375 0.94488661875 0.555734875 0.9184837609375001
0 0.59578361875 0.9564416765624999 0.5884518140624999 0.956057434375 0.5868929453125 0.9858024234375 0.59422475 0.9861866671874999 0.59578361875 0.9564416765624999
0 0.6628114968750001 0.8932633296875 0.6517197890624999 0.8926820390625 0.6504761984375 0.9164111859374999 0.6615679046875 0.916992478125 0.6628114968750001 0.8932633296875
0 0.8376784015625001 0.8910332500000001 0.8200068671875 0.8901071249999999 0.8184304843750001 0.920186328125 0.8361020171875 0.9211124546875 0.8376784015625001 0.8910332500000001
0 0.8403792609374999 0.8502887781249999 0.8274076046875001 0.8496089625 0.8255159437499999 0.8857040062499999 0.8384876 0.8863838218750001 0.8403792609374999 0.8502887781249999
0 0.8548783500000001 0.724704140625 0.8387107796875 0.723856834375 0.8366614796875 0.7629597984375 0.8528290500000001 0.7638071046875 0.8548783500000001 0.724704140625
0 0.9232700125 0.71823445625 0.9016505875 0.7171014296875 0.9000216562500001 0.7481832734375 0.9216410828124999 0.7493163 0.9232700125 0.71823445625
0 0.6149535609375001 0.6518065796875 0.6038618546875 0.6512252875 0.602600746875 0.6752886515625 0.6136924546875 0.6758699421875 0.6149535609375001 0.6518065796875
0 0.65978970625 0.742295875 0.65057795 0.7418131078125 0.6488789578125 0.7742318046875 0.6580907140625001 0.7747145718749999 0.65978970625 0.742295875
0 0.6703676609375 0.7167100015625001 0.6543880843750001 0.715872546875 0.65300436875 0.7422754031250001 0.6689839453124999 0.7431128578124999 0.6703676609375 0.7167100015625001
0 0.6723200359375 0.686650503125 0.657280434375 0.6858623109375 0.65642218125 0.702238765625 0.67146178125 0.7030269578125 0.6723200359375 0.686650503125
0 0.6835004484375 0.72510628125 0.6662049078125001 0.7241998609375 0.6648562234375001 0.7499342890625 0.6821517640625 0.750840709375 0.6835004484375 0.72510628125
0 0.867875740625 0.6781317890625 0.8402404734375001 0.6766834859374999 0.8383663265625 0.7124443171875 0.8660015937500001 0.7138926203125 0.867875740625 0.6781317890625
0 0.9605843000000001 0.5134139984375 0.9402808390624999 0.5123499390624999 0.9383716625 0.5487791953125 0.9586751234375 0.5498432546875 0.9605843000000001 0.5134139984375
0 0.90717501875 0.5253607140625001 0.882547671875 0.52407005 0.881899603125 0.5364359453125 0.9065269499999999 0.537726609375 0.90717501875 0.5253607140625001
0 0.8813357187499999 0.42849411093749995 0.8627242125000001 0.4275187234375 0.8612704359375 0.45525843281249995 0.8798819421875 0.4562338203125 0.8813357187499999 0.42849411093749995
0 0.6951995421875 0.5162623390625 0.6814759046875001 0.5155431125 0.680074675 0.54228018125 0.6937983109375 0.54299940625 0.6951995421875 0.5162623390625
0 0.689479203125 0.4311743265625 0.675379575 0.430435396875 0.673785675 0.4608488140625 0.6878853031250001 0.46158774375 0.689479203125 0.4311743265625
0 0.6939794734375 0.3596920765625 0.679879846875 0.358953146875 0.6784611015625 0.3860244296875 0.6925607265625 0.386763359375 0.6939794734375 0.3596920765625
0 0.75422078125 0.3648599765625 0.746324990625 0.3644461765625 0.744538421875 0.3985359390625 0.7524342125000001 0.398949740625 0.75422078125 0.3648599765625
0 0.6877301796874999 0.27390608125 0.668930678125 0.272920840625 0.6678272093750001 0.2939762828125 0.6866267109375 0.2949615234375 0.6877301796874999 0.27390608125
0 0.61830295 0.11309097187499999 0.60533129375 0.11241115625 0.6038950328125 0.1398166515625 0.6168666890625001 0.1404964671875 0.61830295 0.11309097187499999
0 0.576363778125 0.0428613765625 0.5632041265625001 0.042171709375 0.562030596875 0.0645640046875 0.5751902484375 0.065253671875 0.576363778125 0.0428613765625
0 0.4775530328125 0.1405682375 0.46852927187500004 0.140095321875 0.46700543281250007 0.169171884375 0.4760291953125 0.16964479999999998 0.4775530328125 0.1405682375
0 0.42298542499999997 0.149438065625 0.41527762968750004 0.14903411718749998 0.4141391296875 0.1707579859375 0.421846925 0.171161934375 0.42298542499999997 0.149438065625
0 0.358855753125 0.16450939375 0.345884096875 0.163829578125 0.3445354125 0.18956400625 0.35750706875 0.190243821875 0.358855753125 0.16450939375
0 0.1604916296875 0.3525113046875 0.15278383281250002 0.35210735625 0.152258371875 0.3621337578125 0.1599661671875 0.36253770625000004 0.1604916296875 0.3525113046875
0 0.1408525703125 0.353157721875 0.13145281874999998 0.3526651015625 0.13073468906250002 0.36636785 0.140134440625 0.36686046875 0.1408525703125 0.353157721875
0 0.4666839953125 0.5170213343750001 0.45954018437500005 0.51664694375 0.457981315625 0.546391934375 0.46512512656249994 0.546766325 0.4666839953125 0.5170213343750001
0 0.4603634578125 0.44698277812500004 0.45378363281249995 0.44663794531249995 0.45245246406249995 0.472038159375 0.4590322890625 0.47238299375 0.4603634578125 0.44698277812500004