0 0.1380718953125 0.1367905265625 0.081699346875 0.1367905265625 0.081699346875 0.21968150312499998 0.1380718953125 0.21968150312499998 0.1380718953125 0.1367905265625
0 0.1915849671875 0.374438546875 0.01797385625 0.374438546875 0.01797385625 0.49285422656250005 0.1915849671875 0.49285422656250005 0.1915849671875 0.374438546875
0 0.6041666671875 0.3062474484375 0.251225490625 0.3062474484375 0.251225490625 0.9861167828124999 0.6041666671875 0.9861167828124999 0.6041666671875 0.3062474484375
0 0.999591503125 0.9097590859375 0.9142156859374999 0.9097590859375 0.9142156859374999 0.999183340625 0.999591503125 0.999183340625 0.999591503125 0.9097590859375
0 0.74142156875 0.87423438125 0.71323529375 0.87423438125 0.71323529375 0.925683953125 0.74142156875 0.925683953125 0.74142156875 0.87423438125
0 0.670751634375 0.85871784375 0.6580882359375 0.85871784375 0.6580882359375 0.8770926906250001 0.670751634375 0.8770926906250001 0.670751634375 0.85871784375
0 0.135620915625 0.7664352796875 0.0751633984375 0.7664352796875 0.0751633984375 0.8562678640625 0.135620915625 0.8562678640625 0.135620915625 0.7664352796875
0 0.17075163437500002 0.9260922828125 0.1458333328125 0.9260922828125 0.1458333328125 0.9571253578125001 0.17075163437500002 0.9571253578125001 0.17075163437500002 0.9260922828125
0 0.11887254843749999 0 0.11887254843749999 0.2372396890625 0.9959150328125 0.2372396890625 0.9959150328125 0 0.11887254843749999 0
0 0.13970588281250002 0.051041240625 0.081699346875 0.051041240625 0.081699346875 0.1425071453125 0.13970588281250002 0.1425071453125 0.13970588281250002 0.051041240625
0 0.087826796875 0.1355655375 0.03349673125 0.1355655375 0.03349673125 0.1919150671875 0.087826796875 0.1919150671875 0.087826796875 0.1355655375
0 0.0943627453125 0.1833401390625 0.0294117640625 0.1833401390625 0.0294117640625 0.2200898328125 0.0943627453125 0.2200898328125 0.0943627453125 0.1833401390625
0 0.028186275 0.161698653125 0.0028594765625000003 0.161698653125 0.0028594765625000003 0.1747652109375 0.028186275 0.1747652109375 0.028186275 0.161698653125
0 0.0310457515625 0.171090240625 0.0008169937500000001 0.171090240625 0.0008169937500000001 0.19273172656249998 0.0310457515625 0.19273172656249998 0.0310457515625 0.171090240625