0 0.6055532875 0.24213964843750002 0.5149040421875 0.24213964843750002 0.5149040421875 0.3352388734375 0.6055532875 0.3352388734375 0.6055532875 0.24213964843750002
0 0.830543078125 0.948550428125 0.7860351156250001 0.948550428125 0.7860351156250001 0.9995916703125 0.830543078125 0.9995916703125 0.830543078125 0.948550428125
0 0.724377296875 0.556145365625 0.677827684375 0.556145365625 0.677827684375 0.5896284203125 0.724377296875 0.5896284203125 0.724377296875 0.556145365625
0 0.5990200078125001 0.55124540625 0.575336871875 0.55124540625 0.575336871875 0.5875867703125001 0.5990200078125001 0.5875867703125001 0.5990200078125001 0.55124540625
0 0.7006941609374999 0.31318905625000004 0.6447529609375 0.31318905625000004 0.6447529609375 0.3805634953125 0.7006941609374999 0.3805634953125 0.7006941609374999 0.31318905625000004
0 0.6329113921875 0.260922825 0.6222948140625 0.260922825 0.6222948140625 0.28378930156250004 0.6329113921875 0.28378930156250004 0.6329113921875 0.260922825
0 0.6455696203125 0.204981625 0.6108615765625001 0.204981625 0.6108615765625001 0.24908125781249998 0.6455696203125 0.24908125781249998 0.6455696203125 0.204981625
0 0.4879542671875 0.0322580640625 0.4503879140625 0.0322580640625 0.4503879140625 0.066966109375 0.4879542671875 0.066966109375 0.4879542671875 0.0322580640625
0 0.51082074375 0.0314414046875 0.48550428749999996 0.0314414046875 0.48550428749999996 0.051857901562499996 0.51082074375 0.051857901562499996 0.51082074375 0.0314414046875
0 0.594936709375 0.11719069062500001 0.5802368312499999 0.11719069062500001 0.5802368312499999 0.144140465625 0.594936709375 0.144140465625 0.594936709375 0.11719069062500001
0 0.6120865656250001 0.14005716562499998 0.5933033890625 0.14005716562499998 0.5933033890625 0.1792568390625 0.6120865656250001 0.1792568390625 0.6120865656250001 0.14005716562499998
0 0.8452429562500001 0.672927725 0.78930175625 0.672927725 0.78930175625 0.7170273578125 0.8452429562500001 0.7170273578125 0.8452429562500001 0.672927725
0 0.6431196406249999 0.8958758671875 0.619028175 0.8958758671875 0.619028175 0.9522253984375 0.6431196406249999 0.9522253984375 0.6431196406249999 0.8958758671875
0 0.6443446296875 0.9599836671875 0.6345447125 0.9599836671875 0.6345447125 0.9763168640625001 0.6443446296875 0.9763168640625001 0.6443446296875 0.9599836671875
0 0.8415679875000001 0.850142915625 0.8138015515625 0.850142915625 0.8138015515625 0.8819926499999999 0.8415679875000001 0.8819926499999999 0.8415679875000001 0.850142915625
0 0.7848101265625 0.71008575 0.751327071875 0.71008575 0.751327071875 0.7680686 0.7848101265625 0.7680686 0.7848101265625 0.71008575
0 0.6300530828124999 0.7443854640625001 0.6035116375 0.7443854640625001 0.6035116375 0.7799101671875001 0.6300530828124999 0.7799101671875001 0.6300530828124999 0.7443854640625001
0 0.5083707640624999 0.7137607187499999 0.501020825 0.7137607187499999 0.501020825 0.7219273171875 0.5083707640624999 0.7219273171875 0.5083707640624999 0.7137607187499999
0 0.72723560625 0.654961209375 0.70967741875 0.654961209375 0.70967741875 0.6806859937499999 0.72723560625 0.6806859937499999 0.72723560625 0.654961209375
0 0.625561453125 0.6124948953125 0.616986525 0.6124948953125 0.616986525 0.6218864843749999 0.625561453125 0.6218864843749999 0.625561453125 0.6124948953125
0 0.5651286234375 0.4320130671875 0.540628828125 0.4320130671875 0.540628828125 0.4732543890625 0.5651286234375 0.4732543890625 0.5651286234375 0.4320130671875
0 0.7321355656249999 0.492037565625 0.6864026140624999 0.492037565625 0.6864026140624999 0.5643119640625 0.7321355656249999 0.5643119640625 0.7321355656249999 0.492037565625
0 0.712535728125 0.45406288281249996 0.6888525921875 0.45406288281249996 0.6888525921875 0.47366271875 0.712535728125 0.47366271875 0.712535728125 0.45406288281249996
0 0.6476112703125 0.376071865625 0.6284197625 0.376071865625 0.6284197625 0.3960800328125 0.6476112703125 0.3960800328125 0.6476112703125 0.376071865625
0 0.56267864375 0.3176806859375 0.5312372390625 0.3176806859375 0.5312372390625 0.35973866875 0.56267864375 0.35973866875 0.56267864375 0.3176806859375
0 0.6492445890625 0.18783176875000002 0.6243364640625 0.18783176875000002 0.6243364640625 0.23029808125 0.6492445890625 0.23029808125 0.6492445890625 0.18783176875000002
0 0.5704369125000001 0.213964884375 0.5487954265625 0.213964884375 0.5487954265625 0.234789709375 0.5704369125000001 0.234789709375 0.5704369125000001 0.213964884375
0 0.52225398125 0.1625153125 0.5083707640624999 0.1625153125 0.5083707640624999 0.18579011875 0.52225398125 0.18579011875 0.52225398125 0.1625153125
0 0.5786035109375 0.12576561875 0.5643119640625 0.12576561875 0.5643119640625 0.146182115625 0.5786035109375 0.146182115625 0.5786035109375 0.12576561875
0 0.5651286234375 0.07554103749999999 0.5487954265625 0.07554103749999999 0.5487954265625 0.10779910156250001 0.5651286234375 0.10779910156250001 0.5651286234375 0.07554103749999999
0 0.5941200484375 0.026541445312500002 0.5708452421875 0.026541445312500002 0.5708452421875 0.0400163328125 0.5941200484375 0.0400163328125 0.5941200484375 0.026541445312500002
0 0.48550428749999996 0.00204165 0.46835442968749996 0.00204165 0.46835442968749996 0.00571661875 0.48550428749999996 0.00571661875 0.48550428749999996 0.00204165
0 0.48550428749999996 0.0073499390625 0.4716210703125 0.0073499390625 0.4716210703125 0.0159248671875 0.48550428749999996 0.0159248671875 0.48550428749999996 0.0073499390625
0 0.6218864843749999 0.258064515625 0.61126990625 0.258064515625 0.61126990625 0.2645977953125 0.6218864843749999 0.2645977953125 0.6218864843749999 0.258064515625
0 0.6406696609375 0.650877909375 0.61331155625 0.650877909375 0.61331155625 0.7080441000000001 0.6406696609375 0.7080441000000001 0.6406696609375 0.650877909375