0 0.730247934375 0.2221487609375 0.5190082640625 0.2221487609375 0.5190082640625 0.3510743796875 0.730247934375 0.3510743796875 0.730247934375 0.2221487609375
0 0.50876033125 0.20462809843750002 0.3537190078125 0.20462809843750002 0.3537190078125 0.40561983437500004 0.50876033125 0.40561983437500004 0.50876033125 0.20462809843750002
0 0.72760330625 0.298512396875 0.47471074375000005 0.298512396875 0.47471074375000005 0.45454545468749996 0.72760330625 0.45454545468749996 0.72760330625 0.298512396875
0 0.64297520625 0.4128925625 0.34876033125 0.4128925625 0.34876033125 0.5071074375 0.64297520625 0.5071074375 0.64297520625 0.4128925625
0 0.7071074375 0.51239669375 0.43206611562499997 0.51239669375 0.43206611562499997 0.603305784375 0.7071074375 0.603305784375 0.7071074375 0.51239669375
0 0.3983471078125 0.3894214875 0.106776859375 0.3894214875 0.106776859375 0.6019834703125 0.3983471078125 0.6019834703125 0.3983471078125 0.3894214875
0 0.3047933890625 0.59933884375 0.196694215625 0.59933884375 0.196694215625 0.898842975 0.3047933890625 0.898842975 0.3047933890625 0.59933884375
0 0.386776859375 0.8327272734375001 0.3080991734375 0.8327272734375001 0.3080991734375 0.9980165296875001 0.386776859375 0.9980165296875001 0.386776859375 0.8327272734375001
0 0.6872727265624999 0.8462809921875 0.41752066093750007 0.8462809921875 0.41752066093750007 0.999669421875 0.6872727265624999 0.999669421875 0.6872727265624999 0.8462809921875
0 0.6882644625000001 0.7725619828125 0.41818181875000004 0.7725619828125 0.41818181875000004 0.9038016531249999 0.6882644625000001 0.9038016531249999 0.6882644625000001 0.7725619828125
0 0.6925619828125 0.650909090625 0.31239669375 0.650909090625 0.31239669375 0.824462809375 0.6925619828125 0.824462809375 0.6925619828125 0.650909090625
0 0.621157025 0.6 0.33090909062499996 0.6 0.33090909062499996 0.7107438015625 0.621157025 0.7107438015625 0.621157025 0.6