0 0.8200206859374999 0.1574892484375 0.6443810875 0.1201558984375 0.6294308296875 0.19049133125 0.8050704281250001 0.22782468125 0.8200206859374999 0.1574892484375
0 0.533508003125 0.25527623125 0.4464159921875 0.2367642515625 0.4348166546875 0.2913348484375 0.521908665625 0.3098468265625 0.533508003125 0.25527623125
0 0.6280477234374999 0.27334331875 0.5334352328125 0.25323281249999996 0.520031553125 0.3162921671875 0.61464404375 0.33640267343749997 0.6280477234374999 0.27334331875
0 0.1444472421875 0.2402616640625 0.09374465 0.2294844953125 0.0848260484375 0.2714432203125 0.13552863906249998 0.2822203890625 0.1444472421875 0.2402616640625
0 0.7391143890625 0.272108871875 0.632857284375 0.24952322656249998 0.6117207125 0.348962978125 0.7179778171875 0.3715486234375 0.7391143890625 0.272108871875
0 0.728094084375 0.37167095156249996 0.6184406328125001 0.348363390625 0.6029748484375 0.421124184375 0.7126283 0.44443174531249996 0.728094084375 0.37167095156249996
0 0.195113296875 0.290576103125 0.1354346484375 0.27789101562499996 0.1291967828125 0.30723786875000003 0.18887543125 0.3199229578125 0.195113296875 0.290576103125
0 0.22688151093750003 0.2293923 0.14294325000000002 0.21155067187499998 0.1263433078125 0.2896472578125 0.2102815703125 0.3074888859375 0.22688151093750003 0.2293923
0 0.2482962421875 0.354100215625 0.18449345781249998 0.340538515625 0.17779161875 0.3720681921875 0.2415944015625 0.3856298921875 0.2482962421875 0.354100215625
0 0.486285734375 0.49771867812500004 0.46469467968749995 0.49312935625 0.46242636406250004 0.5038009390625 0.48401742031249995 0.5083902609375001 0.486285734375 0.49771867812500004
0 1 0.4317477828125 0.9770189328125 0.42686300624999995 0.966811515625 0.4748851296875 1 0.48193955937500005 1 0.4317477828125
0 0.7623033515625 0.3300180484375 0.7244583546875 0.3219738453125 0.716158384375 0.3610221375 0.75400338125 0.369066340625 0.7623033515625 0.3300180484375
0 0.9367473765625001 0.5805390703125 0.9100618031250001 0.5748668765625 0.9068139875 0.59014664375 0.9334995609375 0.5958188375 0.9367473765625001 0.5805390703125
0 0.9357860328125 0.595797853125 0.9115264203125 0.5906413140625 0.9088972359374999 0.6030106484375 0.9331568499999999 0.6081671890625 0.9357860328125 0.595797853125
0 0.571677184375 0.3417189328125 0.5059336328125 0.327744709375 0.49722124062499995 0.3687332890625 0.5629647921875 0.3827075125 0.571677184375 0.3417189328125
0 0.49860143125 0.25368696874999996 0.21694732343749998 0.193819540625 0.20328588124999997 0.2580915734375 0.4849399890625 0.31795900312500003 0.49860143125 0.25368696874999996
0 0.9772973171875 0.5901722 0.9387245312499999 0.5819733015625 0.92367116875 0.6527938078125 0.962243953125 0.66099270625 0.9772973171875 0.5901722
0 0.9776852312500001 0.6551490734375001 0.9085453328125 0.6404529343750001 0.902307465625 0.6697997875 0.9714473640625 0.6844959265624999 0.9776852312500001 0.6551490734375001