0 0.3430442421875 0.45326133750000003 0.168913684375 0.4194137859375 0.11770391875 0.682865196875 0.2918344765625 0.7167127484375 0.3430442421875 0.45326133750000003
0 0.49792852187500003 0.32440137812500003 0.3298128375 0.291723 0.2858519421875 0.517882203125 0.4539676265625 0.5505605828125 0.49792852187500003 0.32440137812500003
0 0.6392793390625 0.19291077968749998 0.4928171953125 0.16444142343749998 0.4525976515625 0.3713530359375 0.5990597953125001 0.39982239218750004 0.6392793390625 0.19291077968749998
0 0.8183093859374999 0.20315829375 0.645682546875 0.169603034375 0.6021113765624999 0.39375728125 0.7747382140625 0.427312540625 0.8183093859374999 0.20315829375
0 0.9688749812499999 0.12381210312499999 0.7345956984375 0.0782728234375 0.6780856828124999 0.3689916578125 0.9123649640625 0.41453093750000003 0.9688749812499999 0.12381210312499999
0 0.8760246828125 0.490695590625 0.710916434375 0.45860179843750004 0.671554284375 0.6611025046875 0.836662534375 0.693196296875 0.8760246828125 0.490695590625
0 0.6851090515625 0.46773419374999997 0.5094747749999999 0.43359435 0.4629417 0.6729862718749999 0.638575975 0.7071261171875001 0.6851090515625 0.46773419374999997
0 0.5755087953125 0.6927863875 0.46874480937499996 0.672033571875 0.447933534375 0.7790983 0.5546975203125 0.7998511171875 0.5755087953125 0.6927863875
0 0.7665044546875001 0.7490547359375 0.565306971875 0.7099459078125 0.52251525 0.9300902375 0.7237127328125 0.969199065625 0.7665044546875001 0.7490547359375
0 0.48739079687500003 1 0.5141571703125 0.8622989437499999 0.395363440625 0.8392077828125 0.36738123906250003 0.9831637296875 0.4539963453125 1 0.48739079687500003 1
0 0.7121077140625001 1 0.7360707718749999 0.8767207499999999 0.534271803125 0.837495003125 0.50268403125 1 0.7121077140625001 1
0 0.47814094531249995 0.59479293125 0.4149847859375 0.5825166171875 0.368217875 0.8231115140625 0.431374034375 0.8353878281249999 0.47814094531249995 0.59479293125
0 0.4524418375 0.5535931374999999 0.3168064625 0.5272282921875 0.2682468203125 0.77704599375 0.40388219531249997 0.803410840625 0.4524418375 0.5535931374999999