0 0.77235576875 0.1253205125 0.7112980765625 0.1253205125 0.7112980765625 0.375641025 0.77235576875 0.375641025 0.77235576875 0.1253205125
0 0.95625 0.265064103125 0.9293269234375 0.265064103125 0.9293269234375 0.3179487171875 0.95625 0.3179487171875 0.95625 0.265064103125
0 0.80360576875 0.6426282046875 0.6918269234375 0.6426282046875 0.6918269234375 0.688141025 0.80360576875 0.688141025 0.80360576875 0.6426282046875
0 0.7235576921875 0.43108974375000003 0.69639423125 0.43108974375000003 0.69639423125 0.4727564109375 0.7235576921875 0.4727564109375 0.7235576921875 0.43108974375000003
0 0.6235576921875 0.077884615625 0.6028846156250001 0.077884615625 0.6028846156250001 0.10608974374999999 0.6235576921875 0.10608974374999999 0.6235576921875 0.077884615625
0 0.5644230765625 0.4195512828125 0.50360576875 0.4195512828125 0.50360576875 0.5179487171875 0.5644230765625 0.5179487171875 0.5644230765625 0.4195512828125
0 0.515865384375 0.3003205125 0.44110576874999996 0.3003205125 0.44110576874999996 0.428205128125 0.515865384375 0.428205128125 0.515865384375 0.3003205125
0 0.35961538437499996 0.39391025625 0.25625 0.39391025625 0.25625 0.513141025 0.35961538437499996 0.513141025 0.35961538437499996 0.39391025625
0 0.5293269234375 0.7916666671875 0.4415865390625 0.7916666671875 0.4415865390625 0.8512820515625 0.5293269234375 0.8512820515625 0.5293269234375 0.7916666671875
0 0.7959134609375 0.7016025640625 0.760096153125 0.7016025640625 0.760096153125 0.75 0.7959134609375 0.75 0.7959134609375 0.7016025640625
0 0.308653846875 0.678525640625 0.3019230765625 0.678525640625 0.3019230765625 0.7025641031250001 0.308653846875 0.7025641031250001 0.308653846875 0.678525640625
0 0.13269230781250002 0.8996794875 0.12259615312500001 0.8996794875 0.12259615312500001 0.916346153125 0.13269230781250002 0.916346153125 0.13269230781250002 0.8996794875
0 0.6045673078125 0.0762820515625 0.581971153125 0.0762820515625 0.581971153125 0.115705128125 0.6045673078125 0.115705128125 0.6045673078125 0.0762820515625
0 0.643028846875 0.5615384609375 0.609375 0.5615384609375 0.609375 0.622435896875 0.643028846875 0.622435896875 0.643028846875 0.5615384609375
0 0.43125 0.35352564062499997 0.4043269234375 0.35352564062499997 0.4043269234375 0.39743589687499997 0.43125 0.39743589687499997 0.43125 0.35352564062499997
0 0.2802884609375 0.12564102500000002 0.266346153125 0.12564102500000002 0.266346153125 0.14198717968750002 0.2802884609375 0.14198717968750002 0.2802884609375 0.12564102500000002
0 0.46081730781249997 0.5423076921875001 0.381009615625 0.5423076921875001 0.381009615625 0.646474359375 0.46081730781249997 0.646474359375 0.46081730781249997 0.5423076921875001