0 0.3999538640625 0.517656503125 0.2998783765625 0.49084135624999997 0.2682725890625 0.6087957609375 0.3683480765625 0.6356109078125 0.3999538640625 0.517656503125
0 0.32386149531249997 0.29452602968749997 0.2532746078125 0.2756123296875 0.2305449859375 0.36044043124999997 0.30113187343750003 0.3793541296875 0.32386149531249997 0.29452602968749997
0 0.3609804296875 0.09841224062500001 0.18312005 0.0507546953125 0.1257982671875 0.26468249843749997 0.3036586484375 0.31234004375 0.3609804296875 0.09841224062500001
0 0.528357953125 0.15454276875 0.44267847656250003 0.131585021875 0.4087499546875 0.258207990625 0.49442943125000005 0.28116573749999996 0.528357953125 0.15454276875
0 0.5961331546874999 0.08178459375 0.5294935609375 0.06392856875 0.48411727187500003 0.23327517968749997 0.5507568671875 0.2511312046875 0.5961331546874999 0.08178459375
0 0.46106931093750003 0.35551356093750003 0.39489410468749997 0.33778196718750003 0.3606337625 0.46564330312499996 0.4268089703125 0.483374896875 0.46106931093750003 0.35551356093750003
0 0.5748310625 0.5392964421875 0.5112099875 0.5222492265625001 0.48831445625000003 0.6076965109375 0.55193553125 0.6247437265625 0.5748310625 0.5392964421875
0 0.6385224109375 0.5105714265625 0.6115879421875 0.50335435625 0.6010526796875 0.542672490625 0.6279871484374999 0.5498895609375001 0.6385224109375 0.5105714265625
0 0.68886370625 0.27254131406250004 0.6319762484375 0.25729836562499997 0.60974435625 0.3402689171875 0.6666318140625 0.355511865625 0.68886370625 0.27254131406250004
0 0.6395274515625 1 0.6816829125 0.8426736796875 0.561174378125 0.810383515625 0.5141389937499999 0.9859219578125 0.5666789609375 1 0.6395274515625 1
0 0.5379546093750001 0.8088072671875001 0.478280825 0.792817725 0.455302340625 0.8785746 0.5149761234375 0.8945641421875001 0.5379546093750001 0.8088072671875001
0 0.7892133359375 0.583467228125 0.6847261671875 0.5554699750000001 0.6227589140625 0.7867349078125 0.727246084375 0.8147321609375 0.7892133359375 0.583467228125
0 0.5962524703125001 0.4305586359375 0.5795345234375 0.426079075 0.5733958671875 0.4489888546875 0.5901138140625 0.4534684140625 0.5962524703125001 0.4305586359375
0 0.43114518906250004 0.5907189546875 0.424411571875 0.5889146875 0.4199320109375 0.6056326359375 0.42666562812500003 0.607436903125 0.43114518906250004 0.5907189546875
0 0.5743706656249999 0.492718378125 0.5342011531249999 0.4819549890625 0.5211772453125 0.530560871875 0.5613467578125 0.5413242609375 0.5743706656249999 0.492718378125