0 0.574759615625 0.26826923125 0.5360576921875 0.26826923125 0.5360576921875 0.3253205125 0.574759615625 0.3253205125 0.574759615625 0.26826923125
0 0.6266826921875001 0.3625 0.52764423125 0.3625 0.52764423125 0.4544871796875 0.6266826921875001 0.4544871796875 0.6266826921875001 0.3625
0 0.49110576874999995 0.1730769234375 0.030528846874999998 0.1730769234375 0.030528846874999998 0.55576923125 0.49110576874999995 0.55576923125 0.49110576874999995 0.1730769234375
0 0.928365384375 0.3820512828125 0.8168269234375 0.3820512828125 0.8168269234375 0.5474358968749999 0.928365384375 0.5474358968749999 0.928365384375 0.3820512828125
0 0.8548076921875 0.5878205125 0.6985576921875001 0.5878205125 0.6985576921875001 0.7541666671875 0.8548076921875 0.7541666671875 0.8548076921875 0.5878205125
0 0.705528846875 0.4503205125 0.646153846875 0.4503205125 0.646153846875 0.5115384609375 0.705528846875 0.5115384609375 0.705528846875 0.4503205125
0 0.761778846875 0.5195512828125 0.6740384609375 0.5195512828125 0.6740384609375 0.5641025640625 0.761778846875 0.5641025640625 0.761778846875 0.5195512828125
0 0.6105769234375 0.4916666671875 0.577884615625 0.4916666671875 0.577884615625 0.5608974359375 0.6105769234375 0.5608974359375 0.6105769234375 0.4916666671875
0 0.724278846875 0.5621794875 0.6889423078125 0.5621794875 0.6889423078125 0.5955128203125 0.724278846875 0.5955128203125 0.724278846875 0.5621794875
0 0.48197115312500005 0.571474359375 0.427884615625 0.571474359375 0.427884615625 0.6301282046875001 0.48197115312500005 0.6301282046875001 0.48197115312500005 0.571474359375
0 0.5677884609375 0.609615384375 0.43125 0.609615384375 0.43125 0.6939102562499999 0.5677884609375 0.6939102562499999 0.5677884609375 0.609615384375