0 0.4412140125 0.8109431859375 0.3726015640625 0.8037317265624999 0.353471515625 0.9857419843749999 0.4220839625 0.9929534421874999 0.4412140125 0.8109431859375
0 0.5255648640625 0.6983099015625001 0.49400791875000005 0.6949931328125001 0.4832200453125 0.7976328921875 0.5147769906249999 0.8009496609375001 0.5255648640625 0.6983099015625001
0 0.6955647875000001 0.7274573531249999 0.6283867453124999 0.7203966562499999 0.6154211953125001 0.843755621875 0.6825992390625 0.85081631875 0.6955647875000001 0.7274573531249999
0 0.6903310859375 0.3840031625 0.5368495828125 0.36787160625 0.5188251234375 0.5393628828125 0.6723066265625001 0.5554944390625 0.6903310859375 0.3840031625
0 0.290056446875 0 0.2681461578125 0.20846247343750002 0.45653155468750006 0.2282625765625 0.48052291875 0 0.290056446875 0
0 0.7812322125 0.505710103125 0.751109675 0.502544096875 0.7408243421875 0.6004025015625001 0.7709468796875 0.6035685078124999 0.7812322125 0.505710103125
0 0.7350462125 0.5288939703125 0.702054859375 0.525426440625 0.6987045890625 0.5573021406249999 0.731695940625 0.5607696718749999 0.7350462125 0.5288939703125
0 0.4914994078125 0.585477134375 0.3779422203125 0.57354179375 0.36279899375 0.717619965625 0.47635618125 0.7295553078125 0.4914994078125 0.585477134375
0 0.70297359375 0.2867147859375 0.65922419375 0.2821165390625 0.641199734375 0.45360781406250006 0.6849491343749999 0.45820606093749994 0.70297359375 0.2867147859375
0 0.7723328328125 0.7490616875 0.746035378125 0.7462977140625 0.739200825 0.8113241453125 0.7654982796875001 0.81408811875 0.7723328328125 0.7490616875
0 0.5911835859375 0.711007715625 0.535480796875 0.705153115625 0.5298188374999999 0.759023053125 0.5855216265625 0.7648776515625 0.5911835859375 0.711007715625