0 0.46605855781249994 0.7038256828125 0.3830880875 0.70962754375 0.38724664531249997 0.7690977078125 0.47021711718750003 0.7632958484375 0.46605855781249994 0.7038256828125
0 0.5498602265625 0.5238235484375 0.43499648124999996 0.5318556046875 0.43861845156249996 0.5836522000000001 0.5534821984375 0.5756201437499999 0.5498602265625 0.5238235484375
0 0.7874796109375 0.4069633921875 0.6611055125 0.41580033125 0.6800202484375 0.6862936609375 0.8063943484375 0.677456721875 0.7874796109375 0.4069633921875
0 0.8200190609375 0.5759385046875 0.7979575484375 0.5774811953125 0.799947396875 0.60593735 0.8220089078124999 0.6043946578125 0.8200190609375 0.5759385046875
0 0.7611332953125001 0.1508054375 0.65106553125 0.158502125 0.6589354921874999 0.2710478125 0.76900325625 0.263351125 0.7611332953125001 0.1508054375
0 0.6311464250000001 0.201020825 0.5618445000000001 0.20586688749999998 0.572218540625 0.3542225671875 0.641520465625 0.34937650468750003 0.6311464250000001 0.201020825
0 0.538846584375 0.24570922031250003 0.4422075671875 0.2524668796875 0.4491832140625 0.352223284375 0.5458222312500001 0.345465625 0.538846584375 0.24570922031250003
0 0.5011687671875 0.1686626328125 0.46136212499999996 0.171446184375 0.464402790625 0.21492974375 0.504209434375 0.2121461921875 0.5011687671875 0.1686626328125
0 0.47957938437500003 0.4043967140625 0.381021975 0.41128851875 0.3898980390625 0.5382221484375 0.4884554484375 0.53133034375 0.47957938437500003 0.4043967140625
0 0.3538470890625 0.381059225 0.30852506874999996 0.3842284484375 0.3137120890625 0.4584062875 0.359034109375 0.4552370640625 0.3538470890625 0.381059225
0 0.54178378125 0.480692125 0.47200225625 0.4855717234375 0.475199428125 0.531293409375 0.544980953125 0.5264138093749999 0.54178378125 0.480692125