0 0.40235086718749996 0.24226122968750002 0.295779140625 0.2176572078125 0.2435068609375 0.4440733296875 0.3500785875 0.46867735 0.40235086718749996 0.24226122968750002
0 0.33883585625 0.4660817625 0.2938649296875 0.45569940468750003 0.2831220734375 0.5022318218749999 0.3280930015625 0.5126141796875 0.33883585625 0.4660817625
0 0.2751965765625 0.6701369859375 0.20375838750000003 0.6536441796875 0.165906046875 0.8176006828125001 0.23734423593749998 0.8340934875 0.2751965765625 0.6701369859375
0 0.41403191406250006 0.5656780453125 0.378898378125 0.5575668296875 0.36303644375 0.6262724109375 0.3981699796875 0.6343836265625 0.41403191406250006 0.5656780453125
0 0.4820544078125 0.5007910875 0.4340385734375 0.48970575937499994 0.424305115625 0.531866003125 0.47232094843750005 0.5429513312500001 0.4820544078125 0.5007910875
0 0.40285670625 0.8032268921875 0.3485168375 0.79068154375 0.3318618078125 0.8628224046874999 0.3862016765625 0.8753677515625 0.40285670625 0.8032268921875
0 0.574184096875 0.8230443187500001 0.5004036703125 0.8060107656250001 0.48886771875 0.8559784609375001 0.5626481453125 0.8730120156250001 0.574184096875 0.8230443187500001
0 0.672846953125 0.6468115421875 0.5967242921875 0.629237240625 0.5819438531250001 0.69325835 0.6580665156250001 0.7108326515625001 0.672846953125 0.6468115421875
0 0.925276703125 0.6113406078125 0.7777158531249999 0.5772735015625 0.75284145625 0.6850163453125 0.9004023078125 0.7190834515625 0.925276703125 0.6113406078125
0 0.790002934375 0.20346974687500002 0.71856474375 0.1869769421875 0.699818821875 0.2681744484375 0.7712570125 0.28466725312499996 0.790002934375 0.20346974687500002
0 0.58558876875 0.06088336875 0.5251590859374999 0.0469320765625 0.4932189203125 0.185280134375 0.553648603125 0.19923142656249998 0.58558876875 0.06088336875
0 0.65065396875 0.02162915625 0.643444 0.052858965625 0.6996576578125 0.0658369109375 0.7068676265625 0.0346071015625 0.65065396875 0.02162915625
0 0.542707775 0.24341553125 0.48883635312499996 0.2309783328125 0.47982389062499997 0.27001559531249997 0.5336953140625 0.2824527921875 0.542707775 0.24341553125
0 0.5902815218749999 0.1655840171875 0.566859165625 0.1601765390625 0.54234526875 0.26635789375 0.565767625 0.2717653703125 0.5902815218749999 0.1655840171875
0 0.5665742265625 0.31635897812499997 0.5361251625000001 0.3093292578125 0.5281941953125 0.3436820484375 0.5586432609374999 0.35071176875 0.5665742265625 0.31635897812499997