0 0.5596422328124999 0.6546504296875 0.7523598515625001 0.6921109390625 0.7864308 0.5168311078125 0.5937131796874999 0.47937059687500005 0.5596422328124999 0.6546504296875
0 0.37471829218749997 0.6477219015625 0.5472922609374999 0.6812668828125 0.5751684906250001 0.5378561109375 0.40259452187500006 0.5043111296875 0.37471829218749997 0.6477219015625
0 0.09495743125 0.6535600671874999 0.2930867765625 0.6920725109375 0.325521384375 0.5252109218750001 0.12739203906250002 0.486698478125 0.09495743125 0.6535600671874999
0 0.8129197234375001 0.62775184375 0.8838734796875001 0.64154385625 0.9117497109375 0.49813308593750005 0.840795953125 0.48434107187500003 0.8129197234375001 0.62775184375
0 0.9345251578125 0.6554456921875 0.9772176734375 0.6637442765625 0.9827695437499999 0.6351823828125001 0.940077028125 0.6268837984375 0.9345251578125 0.6554456921875
0 0.7534033359375 0.6851375140625 0.8189453671875 0.69787759375 0.8254907296875 0.664204625 0.7599486984375 0.65146454375 0.7534033359375 0.6851375140625
0 0.812721834375 0.6688988625000001 0.8668391062499999 0.67941819375 0.8732675875 0.6463465265624999 0.8191503140625 0.6358271953125 0.812721834375 0.6688988625000001
0 0.7695350609375 0.635855315625 0.8389855609374999 0.649355125 0.8469334999999999 0.6084665203124999 0.7774830015624999 0.5949667109375001 0.7695350609375 0.635855315625
0 0.75998955 0.63680795625 0.778028640625 0.6403144000000001 0.7829376625 0.615059675 0.764898571875 0.6115532296875 0.75998955 0.63680795625
0 0.78554909375 0.70917065625 0.8318494265625 0.7181705296875001 0.8381025843750001 0.6860008171875001 0.7918022515625001 0.67700094375 0.78554909375 0.70917065625
0 0.37116197500000003 0.534394565625 0.5545593953125 0.5700434140625 0.61574684375 0.25526128125 0.43234942343749994 0.21961243281249998 0.37116197500000003 0.534394565625
0 0.351707575 0.6023755984375 0.385681196875 0.6089794015625001 0.401284871875 0.5287054484375 0.36731125 0.5221016453125 0.351707575 0.6023755984375